0 8.403329339625293
1 -66.90721168691013
2 9.409309268168508
3 19.647697381510444
4 14.386657660840168
5 9.178431495678696
6 9.301245520584182
7 13.87381910690943
8 2.4649837421882945
9 14.774481519479156
10 26.646719154845837
11 6.177765061560392
12 -1.0
13 14.997719243733012
14 11.067893123169945
15 10.921399464280853
16 13.6978832244498
17 -1.0
18 37.51286945114085
19 10.62025664369752
20 11.506562534176407
21 -24.259321094510085
22 7.154727699543933
23 51.96317882282361
24 77.46054536254194
25 40.607805525807436
26 36.04281691763141
27 36.872323014032276
28 -1.0
29 55.535913892457486
30 68.04999379899975
31 38.482272053801346
32 20.010674475008976
33 20.41769954894948
34 16.740020405395434
35 23.833278230478268
36 62.2072758471099
37 14.999900323813007
38 31.212185496348482
39 51.49986771170745
40 -1.0
41 36.304642884564196
42 -1.0
43 25.071758145350714
44 22.567243050617673
45 64.1661344718265
46 -1.0
47 35.53793690993533
48 -1.0
49 57.65361938478571
50 24.61300589179924
51 34.88755181974376
52 16.86013875083549
53 49.212550672280656
54 32.571670986387126
55 48.418813710225415
56 20.470787655614625
57 23.978014895934905
58 54.76520329398495
59 20.939085533011827
60 -1.0
61 35.571223737089255
62 55.721120717015864
63 92.27362528050054
64 41.70218576184666
65 -1.0
66 19.323927910000712
67 21.436902261098947
68 13.445504503361576
69 16.47884417168805
70 -1.0
71 6.868796078194497
72 -1.0
73 77.33280320669432
74 35.39381831108112
75 45.64191304037314
76 21.225530026211796
77 -1.0
78 23.266455650557425
79 15.84496824987177
80 22.423819669359986
81 51.988309590932374
82 40.863495808427835
83 -167.84581512485127
84 20.81297545099456
85 32.42996347024598
86 43.49902977843956
87 65.49816904731985
88 -1.0
89 30.643519950864253
90 -1.0
91 27.50890243074615
92 12.734071473866676
93 -30.333519100219096
94 -1.0
95 33.057072675751684
96 -51.179206256081024
97 11.04897918277355
98 27.559934420551844
99 41.10716229195902
100 17.718805759058338
101 18.5003044139275
102 36.40957849497112
103 31.488537704097467
104 63.17177106804951
105 21.28024472193023
106 67.74277931909224
107 65.46872726042629
108 25.30649485165346
109 46.799754633819205
110 -1.0
111 52.34462583438985
112 58.24864229631408
113 57.856967115259025
114 62.256468503843514
115 57.054694708756294
116 46.84628595006029
117 32.62849819895671
118 63.25869361839054
119 7.261929852120398
120 54.53255246025091
121 58.127539184695415
122 43.77283032143366
123 36.439695911411796
124 -1.0
125 71.15297731399565
126 43.117649003233794
127 49.074002565485834
128 27.614886653795608
129 -1.0
130 47.63767270753509
131 26.350216751108306
132 75.46310501717784
133 52.463192087263
134 24.919154426797352
135 -1.0
136 57.79654813958688
137 11.601305011211949
138 -1.0
139 21.949007139557825
140 38.042068545752336
141 14.35498913272017
142 61.91339752078432
143 17.55707602507301
144 27.7854812782866
145 -1.0
146 42.39475523358465
147 41.30828663871707
148 57.00939823907632
149 34.89828277479708
150 -1.0
151 38.474519468776975
152 27.39162873644772
153 24.33065246230926
154 49.673971912436805
155 35.212726877491974
156 48.288066428197936
157 22.48386903698069
158 20.601438122728442
159 39.131644766988714
160 46.690737716135004
161 40.84040296747603
162 -1.0
163 53.7289148592895
164 57.893163079580226
165 9.552889161418031
166 55.231532815082254
167 3.0
168 -1.0
169 15.192285786593306
170 -44.07769426687663
171 27.161091067845607
172 -1.0
173 51.35108884655245
174 32.3282613679025
175 11.543025802399859
176 -1.0
177 22.72491999724794
178 27.103647900062956
179 -1.0
180 43.03661581088627
181 18.757444191294628
182 23.84916400948123
183 62.51480663256015
184 33.62340495044999
185 15.046347376687674
186 93.85464199212691
187 27.645107576417097
188 47.794854936120494
189 121.47419540667165
190 114.55082805020426
191 34.38254454415117
192 132.9765779361089
193 22.405660459711633
194 75.43119212374691
195 27.70905030574809
196 -1.0
197 95.90904499486433
198 8.749851986372024
199 -4.57074930458408
200 -1.1323383950181536
201 -1.0
202 9.290040067258655
203 -62.741785774590426
204 21.642893385127614
205 26.80703736956489
206 -54.39661540669022
207 74.1874623731698
208 97.09484526409973
209 5.231996925496527
210 0.7042939270341406
211 -1.0
212 54.889979657993194
213 -10.649742503272874
214 54.127259618945445
215 9.478537424459603
216 22.702258002323852
217 8.178772230542933
218 56.66674823283406
219 -0.6666137935089469
220 116.99765185381898
221 91.30211389292596
222 16.0272174564619
223 -1.0
224 35.41099898531077
225 -1.0
226 75.87770948345441
227 18.86642641015128
228 67.05402615477445
229 63.77662219089457
230 11.20315705606465
231 26.054655152821685
232 93.18044813572223
233 32.22446810869441
234 18.330084274561557
235 52.00484656513796
236 -1.0
237 9.319663052346904
238 -1.0
239 47.538595775004225
240 -1.0
241 8.43514060991238
242 36.84466764164926
243 31.669031532366716
244 -1.0
245 47.875451381076275
246 21.333088154259432
247 -1.0
248 94.98318542633706
249 18.555975415772085
250 27.528539260848632
251 120.99895929742777
252 165.02305893536416
253 -0.32014291974631337
254 140.76297323020782
255 36.71484946594538
256 -1.0
257 17.927466833639592
258 13.16079485725738
259 58.769856577954585
260 40.651425552588776
261 -1.0
262 -41.21773425064554
263 32.96174250345724
264 85.45451341861789
265 131.34349688678037
266 -1.0
267 14.06165466519912
268 -1.0
269 108.54990135642443
270 -0.9603152945714588
271 -0.17197888948831952
272 -1.0
273 39.85602750890788
274 107.99202351614305
275 36.1719397034576
276 32.91388257079206
277 28.27024835091653
278 51.41040137330029
279 30.57466117111293
280 167.99916736510684
281 19.267446841823073
282 146.9378872726523
283 119.3714332040641
284 -2.230011552680196
285 -26.066858415688728
286 26.658135280592983
287 56.29204209693622
288 13.427045556025535
289 45.543671778697366
290 47.97477189234254
291 26.341915786555468
292 67.93506905228183
293 49.27213248343643
294 -4.245233845130832
295 12.652964597545113
296 89.99465147545091
297 26.637834688289377
298 9.139857307060431
299 -119.52839792393891
300 62.382393928260896
301 55.10235919532592
302 23.923803898361605
303 22.606236381723388
304 -1.0
305 5.178211536210206
306 10.27762012860732
307 17.46927636640534
308 51.710250184809745
309 -74.73693352759545
310 -0.3067759713408613
311 57.56999314751604
312 -4.4837818058786825
313 7.006252771479886
314 19.492079639102748
315 -10.597469904700503
316 39.989917442196436
317 -1.0
318 35.95937120772317
319 6.818560841484746
320 3.4258849428323774
321 61.33539181045714
322 55.42429550709169
323 55.65437830224782
324 35.56636424786909
325 -1.0
326 7.100420156551142
327 12.969434926917664
328 16.882229717453345
329 -26.696862847154804
330 -55.67124604772927
331 139.25832509973074
332 49.281202803770256
333 -1.0
334 -43.23797032950613
335 45.708034889308514
336 25.896913964215056
337 23.07657087466094
338 113.31221279512306
339 28.825035705148764
340 -1.0
341 32.581528662353456
342 37.84603217328496
343 21.889956139821564
344 -1.0
345 50.20432013965933
346 48.78659710994658
347 -1.0
348 100.8023347289877
349 14.956605302330642
350 58.89719654185646
351 46.55849573188961
352 45.516892629757365
353 58.11369520052736
354 30.516653194809958
355 18.00331634856886
356 69.70183138793395
357 86.97326206142168
358 75.42832436235106
359 -1.3448957552289218
360 12.870918415990902
361 64.19401718201833
362 63.3614074678126
363 5.341356929865809
364 57.667880085325976
365 -1.0
366 16.09715954301479
367 162.48695629215388
368 55.941192625116095
369 58.82406997678682
370 29.794710167693676
371 -1.0
372 -24.953511886087853
373 105.68239352723243
374 112.6054376146906
375 -89.42724191623167
376 -5.395125367742056
377 95.68757986015918
378 29.688698065703473
379 66.74596609141348
380 53.48109461315534
381 81.69575688800113
382 25.754205556593266
383 -1.0
384 43.230986393347735
385 -1.0
386 41.130771077761175
387 0.9229081990253181
388 66.8219039099808
389 21.396228581884507
390 21.235029645976972
391 33.87274183107881
392 91.36997814449538
393 4.253814390122187
394 18.368410658718563
395 -1.0
396 48.36200569669045
397 46.1284261784564
398 84.68413403012833
399 -0.3207752355827369
400 41.82412360214646
401 -9.103976982291934
402 -9.94841103899917
403 60.432929586105026
404 62.21313180465147
405 58.45490681083747
406 -93.29676458123782
407 101.71825525036935
408 43.72010516722543
409 28.798611424819185
410 24.526191019780093
411 38.453475895149566
412 109.22848970361409
413 10.697405897621165
414 4.434175731357647
415 13.108754426219155
416 68.6660220964132
417 16.722604889577884
418 54.521909369841225
419 45.453426675106215
420 28.675295457354395
421 65.40236443478655
422 22.508276945855208
423 11.40990055057721
424 -1.0
425 91.45498276093727
426 40.23920912023107
427 -27.229618595216476
428 -1.0
429 16.459086419142576
430 85.35974670580676
431 79.7915525562424
432 28.052146491992847
433 80.80260621758785
434 2.6173324554441937
435 43.016195009774
436 116.21579217837788
437 99.63263160654384
438 70.44668302142851
439 118.30884651730429
440 59.870586852433966
441 75.6808393437036
442 15.317579453696435
443 -1.0
444 -159.35793126136144
445 15.47029497862033
446 114.6803490487786
447 84.9063986407152
448 101.73978416590074
449 120.26463074633214
450 71.09100054873878
451 17.18035332445255
452 103.43171966514878
453 76.68045115140364
454 47.26709965054087
455 56.39586546808035
456 6.905374915448167
457 19.060505722424814
458 110.41118233144077
459 9.653001656931533
460 -1.0
461 58.704965902709134
462 -1.0
463 34.884861026426705
464 102.1677124149896
465 98.84261474836885
466 -5.818980732346486
467 28.214302295987633
468 107.75124891127098
469 -1.0
470 60.679258877944285
471 58.22862812146797
472 59.40583813937024
473 77.66134351546839
474 13.626472333851646
475 58.353863415667185
476 51.19603794310994
477 30.84539282781996
478 47.90120391284862
479 -1.0
480 13.621640001874882
481 99.38167902213587
482 100.46759391969088
483 103.9349771407974
484 9.260037324052664
485 83.4602321347263
486 -0.20437357367953857
487 49.76635445077004
488 -1.0
489 52.38092728668415
490 39.549670854298995
491 -1.0
492 70.90688596213711
493 91.50480884622768
494 13.770494691429558
495 64.92056540918365
496 75.51485452175592
497 71.62709875818567
498 113.43131932978463
499 71.44747367970294
500 -1.927818446880806
501 100.87274817401487
502 119.98026847895848
503 -1.0
504 108.83803204279899
505 -1.0
506 -60.34664962062838
507 0.01961357978647249
508 139.32632952864662
509 94.83752023171705
510 96.19572769682563
511 83.66936254948227
512 48.79183365244569
513 37.29413414128965
514 11.036923450177982
515 36.97906164778407
516 101.50475166375195
517 30.884510379522872
518 6.5501174910711315
519 97.97275783158808
520 15.201933245520962
521 25.420583843609247
522 39.54518609052066
523 -1.0
524 39.52649027953363
525 155.07668877864157
526 59.200174683156526
527 144.58901345724863
528 -12.465570972981176
529 62.91018779552656
530 44.10515517208217
531 -18.634410575861214
532 27.319935915197586
533 88.10938003615163
534 132.13525685688083
535 109.19497179411161
536 122.89232094236688
537 136.74337722868458
538 100.69186089507724
539 103.71706125727552
540 107.64765669637836
541 147.35201924858697
542 11.669956836502784
543 -40.894470979667446
544 97.34738050512523
545 43.51689741960293
546 -1.0
547 161.89463952046535
548 126.34527844238214
549 145.9896135525288
550 71.70298574629045
551 130.9378302727341
552 146.19432917230225
553 76.05918146217405
554 37.79153317513604
555 127.89496872204694
556 126.98694642694267
557 113.168340880822
558 161.5458221888424
559 116.12483306120619
560 106.19383649629735
561 89.05286397637246
562 -48.46054461002463
563 125.86386077264463
564 70.11355377156465
565 131.39185640371247
566 151.88126389881003
567 144.48327487506825
568 90.1441145081414
569 133.43802675019327
570 13.113377107765125
571 101.90646887264066
572 135.18334312053338
573 141.43160973563914
574 13.865970320270005
575 24.50080286837322
576 55.72031926339827
577 81.08239306062097
578 5.295607648355674
579 117.20216346082438
580 143.76584781595346
581 38.101230626101426
582 91.3993349864494
583 -1.0
584 130.0278393234498
585 87.37490580520773
586 111.81548085503712
587 143.34953263053808
588 80.01729833926055
589 123.61867161241855
590 148.68287232872757
591 157.7137854124997
592 119.98419612615373
593 160.1509465243189
594 5.4179205645235164
595 138.15664845276774
596 82.01999105932892
597 111.70568684885365
598 46.473845627170505
599 56.790894224789476
600 76.31017236088198
601 85.6023001003735
602 105.73230159048661
603 100.38301936763821
604 102.791273530147
605 135.23053090774306
606 87.22358020095088
607 48.425531145873535
608 90.07369383852824
609 98.24460724294178
610 34.19275078078577
611 -1.0
612 60.11474844572126
613 83.08723488318316
614 140.54616431635333
615 107.30238392632383
616 133.87484331739893
617 49.54099052446765
618 103.16354884118087
619 90.35580892722382
620 108.83102896680106
621 114.9886712855021
622 119.84414311779021
623 127.77096100037477
624 156.95954327590076
625 127.14493972512945
626 120.30756245000829
627 128.90299401205203
628 110.99801835559924
629 136.65003293096245
630 92.09488094123692
631 124.88186060572906
632 110.29763293801834
633 124.41339921428013
634 74.34536332772349
635 113.67821643387006
636 73.89601292316252
637 98.18959217137522
638 137.77273558709408
639 156.49550735325505
640 73.26922733375385
641 22.907994066161766
642 138.5991839330047
643 133.86165719897144
644 147.38667411745692
645 117.04558925043035
646 116.23109314460841
647 123.32961945738066
648 83.6664690506676
649 173.3364092862217
650 174.0442937053137
651 97.83946121229071
652 155.48858011683268
653 116.99905252679245
654 74.71120174813463
655 143.13390794360762
656 56.79394189423282
657 105.92372613451485
658 49.09296648016998
659 125.36474375687713
660 81.57021115213837
661 90.06840090554046
662 130.77941578929813
663 89.21481293617092
664 130.5898548590807
665 153.43391091831435
666 144.97543038999868
667 101.64830509508778
668 133.24853456111276
669 58.07679795168771
670 103.24754231602036
671 36.1438751756691
672 -1.0
673 128.2841569083876
674 114.97637537016632
675 160.70701703955527
676 20.32167417223992
677 110.04780146445948
678 161.926018141305
679 131.4778931545861
680 131.25494419116131
681 27.95418348578251
682 128.4584459563917
683 140.89792736423084
684 132.32873800626433
685 136.59154880020952
686 146.13465207861097
687 123.86356803245653
688 47.47870185466899
689 -1.0
690 117.97144848453192
691 143.68104546401642
692 162.79246289037158
693 69.7816219572428
694 -1.0
695 134.65226545341707
696 46.47385793263727
697 40.38738487614316
698 132.47648443239783
699 164.35624533082088
700 177.87344537184575
701 97.05569955756951
702 151.42155607506368
703 49.462796213557155
704 -1.0
705 155.06269130425713
706 124.00978635251873
707 142.04426794185574
708 127.84293303090814
709 140.9384851967428
710 142.99675576747606
711 52.7154343091283
712 146.7666013469049
713 113.16319324431466
714 131.19585628384783
715 158.19325010120357
716 144.54339061676117
717 136.09656487246417
718 80.55286922823372
719 40.91103307948072
720 22.60835429361959
721 140.84335292081855
722 126.98073145118907
723 120.24095959450763
724 162.62529670989528
725 74.45835665128922
726 129.0169775280737
727 149.97514167818727
728 157.23276412830342
729 140.1502978061846
730 82.68728620345632
731 102.2358038228911
732 42.36966158173049
733 122.23192024651199
734 146.42759224343177
735 146.3123419473879
736 113.17283574008816
737 100.01595730722318
738 132.03611255643264
739 40.34984593865286
740 -1.0
741 90.36113080406439
742 34.66354583300097
743 95.37846653480695
744 116.33543214900476
745 24.197962938644025
746 20.25202715820648
747 51.2815476888748
748 -1.0
749 42.5239916017977
750 124.07650557461498
751 33.13685365448064
752 53.66948283193596
753 80.17887012315006
754 31.8194639549668
755 -1.0
756 47.29681009776723
757 26.436850366018536
758 27.178064260938466
759 66.38409919959913
760 80.57121722696286
761 31.0827107629869
762 -1.0
763 35.48025000263162
764 74.9538392514477
765 35.480301105461855
766 43.56949938548354
767 -1.0
768 33.91499301325212
769 69.13448547760049
770 114.08933619571523
771 78.98205925204172
772 115.29637733189854
773 117.68478368245704
774 28.838269403387486
775 15.176864625269028
776 15.614815279326795
777 -57.40755444751991
778 32.8452039962506
779 50.041242976544424
780 24.99668107046335
781 20.081569859056593
782 23.675158774031257
783 38.01815342265088
784 86.7342416951419
785 22.776071608527666
786 -1.0
787 34.46733914183523
788 35.48264807330875
789 31.29191600243478
790 -1.0
791 -82.53104783539422
792 -15.445066177685105
793 -6.841740714881942
794 -9.376054443770348
795 -1.0
796 -14.54073311854883
797 2.894613008667805
798 -76.32743986105903
799 -3.67009695335028
800 23.741484317534475
801 -1.0
802 61.52496390951963
803 26.616242717508175
804 75.29373310407013
805 48.88992806565818
806 -1.0
807 -9.411537489176395
808 33.24004839001461
809 39.24368967158811
810 -21.68211366236926
811 37.245848228982965
812 14.574916220323633
813 -1.0
814 5.661368001585842
815 21.71041290488946
816 18.69654505593882
817 -22.69320744392817
818 -0.9867965298090552
819 0.28852306102185055
820 11.252739180004411
821 32.60497098563425
822 41.97823243217553
823 -12.88377771307419
824 32.51899446356641
825 -0.7281157031820319
826 85.3605742028233
827 24.327848181411685
828 21.549068052844838
829 92.00244575637939
830 55.26643981066593
831 23.21670642703671
832 31.324287276382393
833 87.37705246137736
834 2.1386812492781084
835 135.57942220573383
836 -1.0308752122767206
837 -1.0
838 158.93552587182876
839 -9.608615471446704
840 -1.0
841 29.70709744216208
842 50.663957063909365
843 132.37940966719552
844 171.66744181921803
845 61.93599650821505
846 32.68018479053567
847 -1.0
848 3.4079307782974997
849 20.557651762193792
850 -1.0
851 22.50696690451112
852 51.88079518766628
853 87.59526063377223
854 60.22741951055878
855 19.878255473921595
856 79.27253919214476
857 -1.0
858 13.335087172152155
859 163.33170140048398
860 28.942486490937345
861 138.35811333189352
862 31.514425292399117
863 143.89417526291143
864 9.775518123947293
865 -1.0
866 53.79755105595876
867 40.562775687365445
868 82.56399810743807
869 149.02247421440495
870 171.5410697435619
871 -24.887212901903236
872 58.22948024648007
873 22.085487550916607
874 45.09719446654312
875 34.599856333518055
876 32.87775078515526
877 158.76615161688926
878 151.50568329848326
879 135.76921157991353
880 84.18498953870726
881 86.75381047893664
882 37.96003331096245
883 1.0230058534857704
884 23.577836642770205
885 165.3053502073105
886 123.86447350897517
887 153.59364211216044
888 73.74309501521063
889 123.54108369863444
890 133.97780280132707
891 130.49832354230682
892 43.65387172173351
893 170.85855296585922
894 26.050713467078953
895 108.75756759533655
896 139.69808544624638
897 63.915676655176995
898 75.85291500205504
899 91.51631990659784
900 1.925376040664916
901 165.98883751708826
902 146.11652877686328
903 70.95902889049425
904 121.45397160345088
905 152.2996433238759
906 139.85818607946516
907 153.70131656890612
908 160.0347189015274
909 135.12270301901023
910 71.16214380233427
911 -1.0
912 126.97119212373958
913 138.99185158478707
914 137.09938985403898
915 168.98920571941244
916 138.3943904170936
917 122.49483305229494
918 181.87768259383907
919 131.90155732192062
920 131.8494484382643
921 140.47611207478613
922 58.44264665687733
923 137.58016556010784
924 125.67276079241725
925 165.12224569388403
926 4.778277501056656
927 51.16213263810847
928 16.97551316980842
929 99.58544320335712
930 -3.8500911542304648
931 93.85001920050473
932 137.43919553651517
933 61.37023904930159
934 106.9191055061746
935 160.0655480206789
936 139.1274643145943
937 177.8673324896483
938 123.42758278346463
939 -129.76895792067873
940 85.52243576892765
941 -1.0
942 159.8850462819975
943 113.02703682993565
944 170.87768217221864
945 137.5194323170046
946 40.77994808470925
947 129.81055465046117
948 151.97564149743
949 173.91794142978247
950 146.41077266177615
951 92.61478411045103
952 129.78972626151224
953 125.51547048620534
954 149.0036636671466
955 119.33555783532533
956 183.51240084702926
957 42.25991792481413
958 70.11605258028814
959 99.82797569201391
960 119.18867173439172
961 131.59585005169723
962 102.27142399929616
963 -8.21307400682567
964 33.17376903697017
965 114.59006007425295
966 66.58482986974647
967 44.392920028948694
968 120.95960874041879
969 107.94479547696788
970 103.15485856910838
971 -43.09328783471175
972 53.21615272877781
973 93.3583458189672
974 31.24944886984037
975 75.68209579333701
976 129.43329022138337
977 127.88898357593797
978 52.891342393521526
979 -1.0
980 52.97928859344398
981 49.26375600818831
982 37.75971391182296
983 59.405328447083185
984 45.33900962608669
985 82.77205667260333
986 46.77497772007032
987 129.32962087761058
988 33.36784914411701
989 159.19987341840397
990 65.03118843741031
991 42.94371282715729
992 -1.0
993 53.927839027854894
994 -1.0
995 90.35219595439386
996 27.40883306986721
997 43.733789697765914
998 124.29134767658748
999 35.34212328067056
1000 35.69266099758517
1001 42.5800296368478
1002 39.5016642631448
1003 37.85125088138191
1004 40.14855726492858
1005 -1.0
1006 40.89195780984391
1007 -1.0
1008 75.4333250525309
1009 63.32066130777242
1010 67.40323761093858
1011 33.36055769915947
1012 22.731646937948604
1013 144.95742663096289
1014 89.4736224388255
1015 44.32973393234234
1016 87.26981100627157
1017 25.422444188147985
1018 -1.0
1019 40.785604459383705
1020 63.79470282954996
1021 18.47929282375982
1022 15.72912306820136
1023 37.44855824996798
1024 53.46896408615384
1025 -1.0
1026 43.304953415639076
1027 -1.0
1028 114.92028916021292
1029 23.737850069909324
1030 -1.0
1031 56.03327102682628
1032 47.31213688054555
1033 39.99477818687562
1034 39.87918303002691
1035 31.357689071521854
1036 24.580146950936197
1037 31.25792601518023
1038 -1.0
1039 26.00252510359089
1040 37.29214447856487
1041 -1.0
1042 54.63149939097142
1043 5.727433054421642
1044 24.1945258270728
1045 60.898293269626855
1046 -1.0
1047 34.748458088071146
1048 36.05606304760555
1049 95.75144791106042
1050 37.1253513900465
1051 88.0521311906334
1052 40.992159847164174
1053 44.44166977716793
1054 50.40302220053432
1055 35.807273101015376
1056 24.543706090504397
1057 5.970476883585197
1058 27.792543671159805
1059 19.78747077778686
1060 23.217034812184966
1061 100.09475073476109
1062 41.272926717858944
1063 41.53486421344708
1064 -1.0
1065 35.227992130213245
1066 39.792530881884275
1067 25.779180166347153
1068 21.48792543697267
1069 35.72189868848144
1070 23.0314945502858
1071 -1.0
1072 30.75525962903108
1073 -1.0
1074 24.654186993465945
1075 29.52636095578461
1076 68.7355942285702
1077 28.833832841759037
1078 -1.0
1079 -11.251379497848127
1080 -25.741454540567243
1081 5.942497449082754
1082 -12.76133118752661
1083 -1.0
1084 -12.185098010625374
1085 -38.2901805859756
1086 -46.701867892906094
1087 -9.030957147447355
1088 16.11478328778771
1089 -21.401760173088622
1090 -22.741324385656416
1091 -2.3239175478315515
1092 2.1481905652763063
1093 9.657858269801105
1094 2.114202660456922
1095 63.53989347408388
1096 57.6849052172881
1097 -31.066392853688598
1098 27.937822791813783
1099 -8.2392944883925
1100 48.7817558846576
1101 -0.8923226188708577
1102 42.0859702063638
1103 -10.45411559105005
1104 -16.014923282815126
1105 12.513051066624604
1106 36.42087405414739
1107 71.90470553884317
1108 5.936099724816549
1109 62.839698117270984
1110 2.68621614955153
1111 63.64752998019158
1112 15.994208240735958
1113 -1.0
1114 95.94029308022397
1115 15.395594698843272
1116 32.372862887295796
1117 94.75198643399432
1118 67.33089537325921
1119 -1.0
1120 59.17396276993158
1121 4.754954287126811
1122 -118.63348014974731
1123 -37.06966034468612
1124 44.096364095273046
1125 -1.0
1126 13.822042856278632
1127 -103.20944123477352
1128 86.83468115376127
1129 61.78781115167784
1130 11.476386854175512
1131 -58.56849904539838
1132 -2.606815762198039
1133 30.56847121480257
1134 3.5068537113330116
1135 121.97105244108961
1136 169.20303125492103
1137 78.21243488387344
1138 7.605021669521248
1139 -1.0
1140 80.84789141812729
1141 97.7618933024637
1142 -1.0
1143 86.74213836839611
1144 112.60859726503455
1145 107.27532659798439
1146 114.10547622415189
1147 112.37499809105039
1148 131.38583709979443
1149 127.09460762746971
1150 155.22082014891217
1151 29.81471115747346
1152 88.22791011099282
1153 70.23853399797196
1154 137.2781244157948
1155 184.99518419082472
1156 46.318349037112824
1157 73.96366787809642
1158 50.38206278690741
1159 67.37673431751124
1160 122.95340109854962
1161 122.59994774438937
1162 140.0691764032681
1163 148.65039337727256
1164 101.26597559357845
1165 34.976087431659664
1166 144.3039491982304
1167 49.02868294940473
1168 100.26855532797023
1169 90.4723772938472
1170 150.20816512662591
1171 150.30028315515617
1172 63.72748439425563
1173 141.1732655769532
1174 86.88924208119626
1175 118.32534002719255
1176 151.45626647622663
1177 159.6695567426895
1178 87.41405170133942
1179 162.74658384293207
1180 94.95248854720126
1181 111.12378634109896
1182 141.12555786117332
1183 75.27615278847817
1184 135.37234572330723
1185 72.58157210696102
1186 41.70472302718971
1187 97.1554697628201
1188 53.66937196901835
1189 97.08174425532715
1190 168.6673857499392
1191 -12.274105983056147
1192 153.40893827202953
1193 91.64455946728538
1194 73.69308607055406
1195 138.1949910285646
1196 114.63389453816475
1197 168.10937140347696
1198 81.22557710277077
1199 120.94005671593966
1200 147.5328299496175
1201 28.295475316364485
1202 128.72486302985664
1203 148.40410731086885
1204 87.07841751284279
1205 12.547222798835165
1206 64.512198776002
1207 129.25725538950852
1208 112.81954431104161
1209 25.50501936069245
1210 58.79331394239003
1211 34.984858806329676
1212 -1.0
1213 -38.257806198652624
1214 34.22045896105162
1215 115.10302136967758
1216 42.613030762633976
1217 143.05370539412849
1218 164.04887938382274
1219 130.72998758488893
1220 63.898076469159335
1221 157.57422853240166
1222 162.88032817923644
1223 141.0250746544179
1224 51.38632107625241
1225 -220.6869050537206
1226 107.12038464406109
1227 44.41373090760995
1228 167.16024469333922
1229 46.77517494431312
1230 28.91016804638119
1231 -1.0
1232 57.98556876136537
1233 44.56651303051957
1234 -1.0
1235 40.60672054782173
1236 18.526739884978483
1237 53.59011748139558
1238 29.59741416702608
1239 62.76267535700188
1240 -1.0
1241 94.47657225426366
1242 -1.0
1243 75.10138537315026
1244 -1.0
1245 64.23456496776939
1246 58.44226557570695
1247 121.14046898379836
1248 39.1564495664229
1249 35.104876708635985
1250 45.51980605216915
1251 44.73173150415173
1252 34.63127004102241
1253 -1.0
1254 149.99597244063077
1255 113.97346911621813
1256 99.4700795627223
1257 32.43574909907282
1258 57.30925170777921
1259 -1.0
1260 56.07929962788522
1261 39.859942635299866
1262 -1.0
1263 47.872560353431446
1264 36.64051883348966
1265 37.93892645792705
1266 169.55262546447017
1267 30.76241065706639
1268 68.73771116933041
1269 -1.0
1270 60.771942354508234
1271 -100.16624064484161
1272 38.15429365427953
1273 82.49014756657719
1274 60.56606059886919
1275 41.16576946164172
1276 41.52409411788531
1277 31.011619895231085
1278 77.94497096476809
1279 -1.0
1280 140.14820269175695
1281 -75.12092235060716
1282 89.81701526266612
1283 22.315736807047404
1284 36.05294604437139
1285 85.80640776124821
1286 -20.000032391178998
1287 26.714937134922938
1288 -18.263504442734625
1289 46.374922946831035
1290 -16.266771675260294
1291 12.47672038966852
1292 50.38384929716404
1293 32.74606407915117
1294 71.17392953667931
1295 39.53009028176652
1296 86.19928214838369
1297 41.92542087695648
1298 -1.0
1299 0.09278963603517121
1300 -14.941714672397643
1301 -1.0
1302 62.49253060505047
1303 78.25955074477793
1304 38.27476380146248
1305 50.74524410017273
1306 -41.46541956165268
1307 123.78470104527646
1308 46.41932538754556
1309 20.330772471252047
1310 53.64046424482174
1311 -1.0
1312 44.10823861369363
1313 -84.32401552876803
1314 40.370309211934945
1315 2.717633017597494
1316 68.26126134958265
1317 1.840798719843563
1318 1.8266445813403607
1319 28.38909875411622
1320 -60.751947902882975
1321 -68.06796125216907
1322 37.5519019467401
1323 36.64679918114862
1324 8.402631499731793
1325 81.36731790524004
1326 36.494759013469974
1327 51.73726180706014
1328 -1.0
1329 -78.51631540077035
1330 80.83292864268488
1331 57.63806294658592
1332 7.727902917277582
1333 12.446695136681399
1334 18.195039703847325
1335 -1.0
1336 -35.64634787010046
1337 1.4487347709816474
1338 59.600081737013106
1339 -1.0
1340 104.49099783766174
1341 27.232193877775607
1342 100.53615071265037
1343 -44.08290770381217
1344 89.21855243158797
1345 -33.88350095610624
1346 -19.45714389852935
1347 -29.162853083689637
1348 68.4613127095926
1349 164.0681549375329
1350 121.88243574829927
1351 154.29605822683868
1352 81.16333172360348
1353 101.11073986074128
1354 145.5172312196233
1355 105.20105687379787
1356 -1.0
1357 30.441859273463674
1358 57.282450720547594
1359 69.08446869408702
1360 50.57230058464869
1361 -1.0
1362 108.6214034379504
1363 108.3084986413423
1364 93.54851557395476
1365 76.24552341018178
1366 43.02843789254331
1367 115.87452982759578
1368 104.57480107936047
1369 -1.0
1370 100.98450331516443
1371 53.933432941147004
1372 124.23402087019548
1373 40.963690998026784
1374 106.51618835264917
1375 43.0905764590814
1376 140.4232851241095
1377 -5.49368660426177
1378 9.318427347530326
1379 175.14313505598756
1380 67.82279084952613
1381 19.515811839565124
1382 143.58415907304726
1383 109.19296139793721
1384 0.5422346456764324
1385 161.7655366417711
1386 100.51300269485104
1387 120.53087594952771
1388 65.8314570288705
1389 49.26357444167189
1390 114.02278627695837
1391 33.86352310147583
1392 -1.0
1393 113.57427996292354
1394 160.32930985913688
1395 87.74090935445159
1396 59.44623719403783
1397 76.18404819857845
1398 143.01164994789
1399 44.99018123588686
1400 -47.41163489096016
1401 105.60718538326014
1402 26.932113880578278
1403 138.88971860315144
1404 -77.29280424173895
1405 128.8902943762245
1406 71.2860156029526
1407 120.32299033577766
1408 -1.0737351924983125
1409 86.51476325605735
1410 49.31425754941053
1411 96.48813949266439
1412 128.33057496673442
1413 150.53858318136045
1414 102.61975525173818
1415 149.3441341449171
1416 150.82689930665435
1417 88.6701344131938
1418 129.74639452265586
1419 -62.526740844793316
1420 -1.0
1421 94.40190120519236
1422 136.11776985510735
1423 111.9170982487925
1424 -60.62650922195554
1425 140.69590365394032
1426 -172.7365091076377
1427 -18.050334903464055
1428 116.83993402875143
1429 115.33088186190236
1430 44.86866339283512
1431 148.75019834742915
1432 126.77298719684367
1433 163.18562783432444
1434 173.51032661831695
1435 159.53605720295232
1436 66.62316141035362
1437 162.58201251404245
1438 188.06375236483998
1439 129.09303796162877
1440 147.2899468263611
1441 151.09450574408405
1442 67.40282950901023
1443 158.1659276708915
1444 129.31981692101695
1445 160.41623071749515
1446 129.8060104879996
1447 125.98760363333132
1448 163.3941694855657
1449 93.19957794542398
1450 132.23937220698554
1451 143.4774353183385
1452 41.79237976907239
1453 108.29533572316384
1454 4.493295948353814
1455 175.8216793651861
1456 164.8825535144266
1457 129.79334986406522
1458 107.25740001160092
1459 132.31449579717926
1460 161.13786093134505
1461 130.28624366360864
1462 174.9210025000985
1463 163.1385189690219
1464 161.80122057040418
1465 111.81557260413385
1466 153.30758276601787
1467 11.429188019818008
1468 131.5522641380915
1469 91.48202461665376
1470 105.16569050767029
1471 73.91078912076063
1472 -1.0
1473 50.720044726963465
1474 -1.0
1475 99.80322909067722
1476 180.0008803654259
1477 138.34975208041703
1478 35.408180403544925
1479 -1.0
1480 154.21356228763068
1481 159.57905821140466
1482 110.14386015279558
1483 94.32752193580406
1484 152.37270516418957
1485 190.91581665560514
1486 162.27147662933228
1487 132.43608835860772
1488 -11.569025259242736
1489 43.620259795490725
1490 29.080641374672698
1491 155.98945548135222
1492 107.78612415318953
1493 105.55436207280886
1494 147.55289315649736
1495 180.52357545950127
1496 128.0295090267195
1497 163.36402608929237
1498 112.65872912438694
1499 152.78447715106694
1500 87.69143290874068
1501 131.83618402560967
1502 85.17452259540228
1503 37.73308853792324
1504 -1.0
1505 177.77748707022096
1506 132.6206952845346
1507 136.81478639841106
1508 136.19712330281988
1509 29.463070503064532
1510 146.3738850395159
1511 168.170263195023
1512 161.97946680610028
1513 144.3838959887003
1514 134.50218254931173
1515 174.57220624153933
1516 172.3249180867551
1517 173.61353610682912
1518 97.36117473351217
1519 171.430116863612
1520 182.52822372174217
1521 86.3422713081747
1522 169.83223075914336
1523 148.87223553537854
1524 109.28198603707398
1525 142.92980982115148
1526 97.5014074094589
1527 140.86334163111275
1528 180.19458270371257
1529 102.22512693066939
1530 155.108521501262
1531 188.0855584288876
1532 134.13223470699427
1533 29.57386563616451
1534 140.21566835145435
1535 150.39009146752622
1536 196.81087313161936
1537 168.89263395473023
1538 53.94277212424454
1539 147.3706780118772
1540 41.45587927045461
1541 158.63614130884298
1542 15.552289142707995
1543 161.44624194541137
1544 200.03556502831188
1545 17.178657133242712
1546 -1.0
1547 131.1886511593466
1548 4.915330271129208
1549 154.6870849218357
1550 175.03748458524558
1551 87.5939079488375
1552 43.06786603096868
1553 135.3256049160391
1554 155.59877899314793
1555 125.01353012240304
1556 60.35663641270976
1557 98.99753127925753
1558 166.2315668372486
1559 157.55869857623765
1560 118.94044854091932
1561 150.94702426030972
1562 195.03591169170474
1563 190.1976600878132
1564 163.510992503997
1565 162.43906272511092
1566 39.86782132941812
1567 125.36332746222462
1568 129.26745997253775
1569 71.75631606463983
1570 144.37402609622364
1571 180.01810963669732
1572 185.96280706963785
1573 196.14993158068629
1574 163.23709615487377
1575 177.18915306786255
1576 40.073831640688866
1577 160.7875526438884
1578 168.00866955520502
1579 53.3555542417672
1580 9.836148487152611
1581 210.17922068670327
1582 100.65211961951984
1583 86.00838311726257
1584 200.20707520857255
1585 42.30589897287263
1586 175.58190211086082
1587 84.94398044866703
1588 130.1180255304838
1589 191.48059528471032
1590 32.19566609144682
1591 141.39838554285103
1592 37.05598137965169
1593 124.00667992946015
1594 -37.425068533679095
1595 118.64650844304097
1596 170.32302116185966
1597 174.05541000675998
1598 90.49445204915465
1599 48.298922038598214
1600 106.54106527153212
1601 30.450913527139992
1602 -113.3084429276172
1603 80.13722426709985
1604 83.96246530895932
1605 19.667893027804297
1606 163.05811232806758
1607 122.73676685747972
1608 57.682738006040005
1609 116.07670310836758
1610 105.52052169680785
1611 168.78715532473876
1612 14.45720439618371
1613 -1.0
1614 184.18454211629708
1615 201.79568279935847
1616 74.73363811983066
1617 188.58186598327546
1618 41.70395715678211
1619 199.15989726303556
1620 91.89138807281358
1621 173.87965335751971
1622 133.2401539410667
1623 163.8038809908515
1624 220.7699162583078
1625 201.4562371151364
1626 176.5333656798257
1627 116.41647216660444
1628 88.33997496151056
1629 168.47500996103676
1630 165.424420913075
1631 65.57449378020966
1632 148.06050136036578
1633 42.076414074545085
1634 174.14928260762645
1635 200.7344792584304
1636 161.45739907551393
1637 84.31011327796125
1638 82.25269911425917
1639 69.56050927328789
1640 -1.0
1641 168.0981840478329
1642 29.042562614117745
1643 44.00763972971817
1644 181.63116166676886
1645 119.43098604633606
1646 147.64877213374345
1647 164.55676295865766
1648 104.40570183214531
1649 179.34094228520357
1650 152.24323059981148
1651 177.43746518843892
1652 146.7892098760609
1653 147.10409344122706
1654 182.9662730669872
1655 66.98939400981811
1656 -6.253842625347589
1657 160.30350441949676
1658 62.25945319652445
1659 -1.0
1660 151.85045684404483
1661 -27.429841810010558
1662 180.08265812407416
1663 180.2108026471746
1664 72.89504507621814
1665 153.63525663205982
1666 113.25645432165476
1667 -1.0
1668 70.5197230874412
1669 65.11083728273448
1670 49.94135093856247
1671 47.18431875109941
1672 163.8764913891857
1673 140.0021051169836
1674 29.74155987056307
1675 -1.0
1676 195.07090422203618
1677 131.41121296059205
1678 137.38809499572
1679 86.39069006965349
1680 -1.0
1681 68.33486186630937
1682 171.53836591829082
1683 160.6821035503326
1684 133.1546774660589
1685 164.07436855162558
1686 174.20150470134064
1687 57.293458765940315
1688 85.5113552245132
1689 31.739654422831357
1690 155.04840291149665
1691 88.122619800169
1692 -1.0
1693 161.65641865012125
1694 47.27288702009431
1695 150.1332437611498
1696 168.51577255343153
1697 169.24346778175965
1698 164.6872274687862
1699 163.35637918074553
1700 41.40535344024284
1701 170.9892249846394
1702 185.65630884940808
1703 170.60152928100163
1704 168.77718960205942
1705 165.8012091152548
1706 48.3014688138927
1707 176.18440134451072
1708 179.07118779265213
1709 182.02893808968113
1710 149.94401042372047
1711 58.33070864644567
1712 184.94887274488707
1713 193.29309918299856
1714 209.01342372989603
1715 203.15030359806116
1716 172.08953842390193
1717 171.94365841441768
1718 172.44253133622917
1719 125.92961679266459
1720 35.49262072308508
1721 -1.0
1722 -67.98484784734157
1723 195.05262911573647
1724 93.72693097066117
1725 164.83406577179335
1726 192.09959164628643
1727 -47.894884464821345
1728 59.941407011609286
1729 67.00143874078908
1730 194.0314907927922
1731 166.3055995665461
1732 107.85063818952925
1733 197.8507954179249
1734 165.22884781532846
1735 191.9548938694427
1736 -70.62214684463447
1737 136.67467239811648
1738 171.1509116793451
1739 160.48080597375704
1740 142.01790848754857
1741 124.64864246865794
1742 112.8043052395122
1743 153.04067061124064
1744 167.77703323279889
1745 132.21748216778576
1746 41.1845153119613
1747 102.04965312021483
1748 144.70518824466788
1749 151.9693193154306
1750 -32.83392087997562
1751 49.06373357639842
1752 160.40389643795797
1753 0.06595100784339636
1754 65.4356711425752
1755 25.42448279702744
1756 45.43395873228686
1757 127.95411975910878
1758 41.67611622880248
1759 104.25584376157238
1760 151.15557469884263
1761 94.34115223778332
1762 15.977818899989188
1763 -1.0
1764 44.72681675611897
1765 173.26462772292467
1766 70.48376989474532
1767 92.91537265022924
1768 104.93114206014754
1769 -1.0
1770 141.47138251184018
1771 36.435457193626235
1772 168.64169507975714
1773 182.76431170738869
1774 100.4071388287561
1775 158.36659569860564
1776 65.68875904351415
1777 160.77971040828578
1778 161.14100361809875
1779 208.97436365774627
1780 -49.99807626746908
1781 170.36009666320604
1782 127.99687611244502
1783 43.31287080731924
1784 -76.91062386015228
1785 168.0653368859921
1786 -79.72039079246052
1787 71.75812947311948
1788 93.07829737011994
1789 148.1254875347767
1790 166.06151218250116
1791 119.04762033923446
1792 161.48714970732829
1793 119.14596519619778
1794 52.69093669399822
1795 -1.0
1796 151.36695359545564
1797 208.8178145792877
1798 130.30700920763275
1799 163.362450617747
1800 173.8412836087786
1801 191.0225753351836
1802 76.05420320654548
1803 157.41073452494746
1804 178.6676155943261
1805 159.03048001491896
1806 162.53454369490333
1807 168.34424161024333
1808 171.36459372049464
1809 124.54023313277102
1810 184.63818996156482
1811 195.21482824289154
1812 174.06775565407588
1813 184.62610934894875
1814 176.93635961704211
1815 223.80360953156196
1816 183.90926783005497
1817 166.63842549029965
1818 68.25148050543366
1819 192.06030615367246
1820 174.19850171891798
1821 189.29654324696958
1822 96.5634380450199
1823 183.8926875181607
1824 21.47001736722213
1825 158.20037376205485
1826 42.20117493872416
1827 34.667949869114466
1828 159.08122888433584
1829 168.43562612964527
1830 209.65862458845183
1831 155.1734791986246
1832 135.2097477291761
1833 165.81467720658318
1834 115.71280607090594
1835 156.54698804445917
1836 168.21010404202332
1837 190.91094798932008
1838 164.7786074073887
1839 105.01425557020107
1840 185.39310183114526
1841 202.79224090137723
1842 122.78159459009623
1843 157.26970249576604
1844 17.18961780339027
1845 156.9006397234156
1846 186.5759759735819
1847 148.5497496447186
1848 162.74340103142052
1849 165.66680137053987
1850 157.50806972495366
1851 48.59301121580163
1852 160.2683995065275
1853 183.27145401873847
1854 185.63377839771275
1855 159.80322804591924
1856 154.48667154464977
1857 133.46362490550322
1858 151.90800587320797
1859 174.52540120594261
1860 175.27354559579337
1861 176.067943177852
1862 174.52542902460607
1863 190.81565749477247
1864 170.33886447330727
1865 196.05372447407484
1866 159.96175382600742
1867 150.28948263735845
1868 177.76363918868725
1869 165.05357256585074
1870 159.85298127441703
1871 38.94684403277989
1872 110.75963401740216
1873 -1.0
1874 185.3477669779227
1875 132.91247210305292
1876 167.83315449121167
1877 43.05019677900254
1878 151.81308172931892
1879 157.99253223241732
1880 154.9700924523581
1881 159.5427063857967
1882 167.19514145740945
1883 155.2718206794239
1884 68.18672172426592
1885 -1.0
1886 97.86089532863942
1887 183.13049419982804
1888 107.26196957738537
1889 97.5551321190047
1890 173.7471876119627
1891 171.2649141061171
1892 149.34881620368012
1893 -6.361990006427726
1894 156.37267441570015
1895 137.40209220625272
1896 181.85580953835438
1897 170.72589816582087
1898 160.63129824686112
1899 201.20935973666104
1900 135.05846275108786
1901 169.13109447021563
1902 96.1530992536639
1903 182.20248667677532
1904 143.36286292048408
1905 124.29237668215197
1906 166.64140730000324
1907 151.80516333884054
1908 23.265115172085896
1909 98.22009614051652
1910 153.66877948684981
1911 145.02938708990257
1912 133.26828362938969
1913 158.30156048422188
1914 82.1996469543443
1915 175.62097419999319
1916 171.09931526022456
1917 71.87827924071867
1918 73.61006580444305
1919 184.83593097714217
1920 -37.88728390756338
1921 -1.0
1922 172.29663164891113
1923 86.09381609993238
1924 128.73693031403323
1925 -1.0
1926 103.54596448069114
1927 141.10157955003336
1928 34.806803152131884
1929 45.07661162468915
1930 -1.0
1931 32.33780926725269
1932 155.37168727782048
1933 144.53977287326933
1934 137.17519979321122
1935 75.15326091155374
1936 75.02418245254574
1937 33.207545300429835
1938 121.48135258269373
1939 55.1110517588215
1940 196.24311384905968
1941 127.39494302019475
1942 -1.0
1943 187.68516578859004
1944 151.74237228101518
1945 157.46524478424521
1946 37.70795385909549
1947 -1.0
1948 57.81461574867651
1949 155.68146182926782
1950 50.88533773718194
1951 -1.0
1952 62.68254344629769
1953 -1.0
1954 69.0209210279518
1955 -1.0
1956 136.76209758074793
1957 205.342419475785
1958 203.6019431009219
1959 109.73434196317137
1960 179.2046221727081
1961 182.290395999029
1962 97.20627441158457
1963 212.01906342608447
1964 98.15785388301059
1965 149.27445663627145
1966 168.68074481433584
1967 110.86399510076096
1968 60.09563557176118
1969 -1.0
1970 136.33833518836443
1971 -1.0
1972 24.914298661261157
1973 173.85774316519328
1974 173.57133682295188
1975 64.72834015739912
1976 190.89638323461395
1977 178.98845457844737
1978 147.24978233838934
1979 182.79306994717064
1980 163.03770343044755
1981 202.47401041964645
1982 17.285606577463614
1983 174.8288409753172
1984 192.2740220901845
1985 118.14820588751026
1986 146.90452990149467
1987 183.55653855349095
1988 170.7087020128261
1989 157.5780451808981
1990 113.46575366473253
1991 156.84668204059884
1992 155.4608794553716
1993 172.79023908134675
1994 170.09055618485505
1995 86.77974829562883
1996 177.72737109030976
1997 167.21768404254323
1998 159.78535233626414
1999 148.46561072857088
2000 109.65929576238906
2001 96.62712437734217
2002 -1.0
2003 185.7157117582831
2004 77.47340240450032
2005 194.51172557951782
2006 185.80124945076628
2007 175.358066858259
2008 194.76904111280913
2009 189.41050433951264
2010 179.15783062790933
2011 170.61962048093562
2012 200.33369451752202
2013 172.31069687072065
2014 201.47924011458835
2015 165.66781356769863
2016 187.84443228955357
2017 160.51256519108807
2018 185.381891000974
2019 159.03471724237357
2020 189.3130706631162
2021 189.02566455923207
2022 213.75465505410315
2023 141.24919338445685
2024 153.12149009427196
2025 180.96434688138658
2026 173.51362480817104
2027 150.7483130250695
2028 175.2252563311647
2029 123.42925564739762
2030 136.88172566609546
2031 141.16246359897875
2032 115.36572084897428
2033 140.8207358751716
2034 160.86168220170003
2035 162.00398682889946
2036 166.75159043132126
2037 175.52084743158233
2038 153.44318625984906
2039 180.584490580171
2040 171.58244804220044
2041 -53.706014191591905
2042 160.18283815496613
2043 158.1725564310137
2044 182.7875991105271
2045 157.5343344660698
2046 39.2790017591526
2047 50.32983384033827
2048 38.07930286835339
2049 164.21530759742825
2050 164.64533338039485
2051 176.3166401627209
2052 188.31243887267996
2053 62.07828708634806
2054 51.53845998867271
2055 150.5335891914899
2056 99.78219143364791
2057 204.66081642466202
2058 110.04809469350202
2059 124.7691567380999
2060 -1.0
2061 167.4128375411236
2062 222.62630029286785
2063 97.65903732502512
2064 143.06922171614934
2065 178.20966622736353
2066 84.65275209001102
2067 198.31587620102005
2068 188.99145959132483
2069 180.98743942641352
2070 207.25011320295022
2071 219.8894719352275
2072 36.06524622964361
2073 80.05198029495632
2074 -1.0
2075 201.74472997073906
2076 207.91313184667652
2077 174.51405287950547
2078 177.8040537164355
2079 70.12509137006559
2080 161.6359272216974
2081 138.0735350942713
2082 164.99703221577454
2083 179.7343142766155
2084 166.61319131343097
2085 179.10993787154513
2086 190.9369168118873
2087 175.25619154544046
2088 94.49093024409738
2089 69.22158199937259
2090 180.12819603930012
2091 179.403748269406
2092 190.0460635048718
2093 172.43481548420868
2094 107.06073053992483
2095 183.32583785620815
2096 190.29403652572663
2097 172.16283043784432
2098 177.5125049322151
2099 62.313952512025864
2100 -1.0
2101 62.91127936228197
2102 39.50066493423887
2103 173.56389985994153
2104 185.2560792858331
2105 151.95460057782802
2106 122.31138266070892
2107 166.91718706333057
2108 37.202344966929594
2109 -1.0
2110 45.52460684033863
2111 194.67783683246003
2112 68.98296046850973
2113 67.72410210602108
2114 178.85569812289535
2115 177.51419608612798
2116 124.78843347952103
2117 178.3161377567119
2118 150.64022346004245
2119 150.08065129130082
2120 171.31897450767886
2121 136.93219526217544
2122 168.87363390505547
2123 189.05454260203118
2124 173.5625092319434
2125 137.5248755611918
2126 183.77689733353907
2127 186.87774020829613
2128 146.8170068404253
2129 203.98289437011337
2130 91.9066467303198
2131 70.20665093684967
2132 27.857850061713194
2133 56.14242210525093
2134 164.30187450819332
2135 178.807006128305
2136 -46.88050103211115
2137 51.808077480389535
2138 148.71856469591756
2139 164.03788576544864
2140 27.47161600681056
2141 135.56501719953272
2142 107.39309560536368
2143 171.9370851974896
2144 7.005094312376993
2145 164.13800400047734
2146 29.854167481536216
2147 144.28032046947615
2148 187.23593487737367
2149 187.23581735717988
2150 157.82619693137747
2151 54.77136037274396
2152 47.857684734028375
2153 151.39574171173268
2154 101.80187078055891
2155 166.82714880308797
2156 132.151662059419
2157 101.65396551582684
2158 182.55410254059376
2159 173.4472330130817
2160 193.72469052169606
2161 180.5752665897411
2162 22.89634208764592
2163 177.39606566154126
2164 182.79976346554832
2165 38.235552482161985
2166 170.20999541378552
2167 157.68424468648658
2168 161.2293717605223
2169 76.52491537382144
2170 54.21321187204156
2171 51.79868396261084
2172 -1.0
2173 71.20301603558401
2174 186.8584596689851
2175 158.75470124115992
2176 163.87377555085487
2177 26.58925027894712
2178 183.0733586320728
2179 90.97283149933739
2180 91.74770183872036
2181 -155.9375688529674
2182 85.3520288109584
2183 31.737119471645997
2184 -76.61411263572568
2185 188.5414470273576
2186 147.31581302200922
2187 10.873439845562757
2188 178.7802235088207
2189 77.83413175377817
2190 49.20933021230568
2191 46.224618884947134
2192 174.13531527765466
2193 124.47114474092159
2194 187.9075106464821
2195 112.76694296337546
2196 -1.0
2197 126.8801417674122
2198 -1.0
2199 108.30094497162257
2200 96.13318953942054
2201 16.727615859769994
2202 17.37551013229975
2203 81.49039021345352
2204 -1.0
2205 39.78486898094221
2206 3.79297336567016
2207 9.06783314796591
2208 81.7772595602751
2209 36.80417686299175
2210 25.892441493771447
2211 -1.0
2212 -6.137367940543633
2213 -1.0
2214 -31.597839190802894
2215 -6.028525484043735
2216 -189.75933946905053
2217 135.2640643398692
2218 -85.09961531879334
2219 -1.0
2220 49.42823972184144
2221 -3.340226993827033
2222 -7.287849800307306
2223 -1.0
2224 90.18174286288539
2225 -23.543044907188616
2226 40.15804985440252
2227 -1.0
2228 105.54955755010049
2229 140.3193916551323
2230 105.14637532003144
2231 157.1812081551845
2232 14.140311911545272
2233 149.15465202471475
2234 159.31438495646782
2235 63.001478653359705
2236 80.89245527399342
2237 118.64348859144096
2238 40.048227904672544
2239 91.24566770401147
2240 120.43599686081363
2241 76.66597695621668
2242 24.51984909008299
2243 75.60650502339372
2244 51.10948309111984
2245 155.82752521420554
2246 37.5939862548028
2247 126.99412205695184
2248 158.3242749226346
2249 27.834429694892382
2250 169.80149774817622
2251 135.52237194036908
2252 9.446383105782465
2253 93.633299506188
2254 23.492156754802625
2255 97.45553730597823
2256 5.888376805353405
2257 90.15889453575353
2258 -103.24567622373468
2259 25.938865642825593
2260 -1.0
2261 59.28788794293181
2262 118.92584946357225
2263 39.23502749504723
2264 7.46970981378402
2265 67.28401981199707
2266 72.8976843432154
2267 5.957905689730787
2268 -1.0
2269 50.962881229316494
2270 49.74904938538184
2271 172.07982121885823
2272 98.80350412037465
2273 -1.0
2274 74.63282407247253
2275 -0.5342817544781848
2276 84.63832452219621
2277 30.433632296988613
2278 25.576636960348583
2279 29.81756605331834
2280 183.1284866370555
2281 32.987434717208146
2282 142.7526002955469
2283 68.40473472166441
2284 -1.0
2285 108.65781019804804
2286 42.024576874031865
2287 33.6686174339991
2288 153.77977127444768
2289 171.4091866043624
2290 63.81528310340394
2291 139.75623339018978
2292 159.70253391640185
2293 169.108345804481
2294 119.77812839290657
2295 9.657030403363239
2296 -1.0
2297 59.236453083581104
2298 36.27028035449966
2299 141.44686121895774
2300 98.06982194519227
2301 43.47834661732664
2302 127.99721878661029
2303 149.3281131743955
2304 -45.98601181530057
2305 153.64166166573608
2306 67.02545242833084
2307 -1.0
2308 69.58793951308135
2309 53.72635719879936
2310 61.900736957253955
2311 48.44673434450947
2312 81.72686492774633
2313 42.85715254962165
2314 37.03121878000966
2315 77.85822453936652
2316 127.50284958964822
2317 98.16273566587515
2318 136.99862875129455
2319 126.27043985328908
2320 108.8439103525957
2321 67.21032550270736
2322 69.95494244919419
2323 130.6287292446046
2324 96.83355430373544
2325 113.23789069440784
2326 159.41909521468102
2327 189.88252817184355
2328 183.0521610109047
2329 136.3525328762181
2330 143.07713230246628
2331 36.95077713160697
2332 186.12834507901323
2333 161.7550402814175
2334 83.80485517948148
2335 187.02152017533191
2336 186.6314694075567
2337 5.312549372333549
2338 157.74715364200938
2339 79.40410657383264
2340 -1.0
2341 27.252250846361676
2342 159.24070104676977
2343 192.13747179763698
2344 134.96942745600595
2345 24.44128565780164
2346 19.02072970934587
2347 41.97643509456974
2348 183.09904191667414
2349 69.02604176474875
2350 181.69291431621576
2351 47.15668422789794
2352 184.50784336163895
2353 173.13091387649155
2354 122.03353678349664
2355 150.58753179095
2356 12.384247028861777
2357 97.48077777353106
2358 94.36647429280632
2359 82.60933729694044
2360 1.9681135910887715
2361 17.945143185909146
2362 -1.0
2363 -19.875776995851247
2364 -6.791482710844219
2365 163.6276532963189
2366 14.891232537732886
2367 25.94883967605015
2368 -0.42518713355896176
2369 8.481499045789104
2370 -2.6488923079188873
2371 6.181590049497147
2372 98.41043644696411
2373 150.747892485828
2374 55.680990792480536
2375 68.7716956840527
2376 8.813368831347917
2377 7.462658388426972
2378 22.568037464399158
2379 26.73391070268964
2380 36.67846171104629
2381 48.74627426842322
2382 -13.37962920687616
2383 67.53742214559462
2384 137.3747511325183
2385 10.141971798501956
2386 101.0912432943719
2387 -24.161758545394488
2388 31.50061044846271
2389 13.00458581422243
2390 1.1562500986305757
2391 -1.0
2392 2.9488142289396286
2393 90.73110610863468
2394 86.2065520790719
2395 18.189302369421142
2396 174.08164594583977
2397 182.96933354459858
2398 28.019941474924753
2399 -1.0
2400 45.32641577250635
2401 -1.0
2402 169.82583138125358
2403 117.1624990327727
2404 146.5194216243668
2405 13.7459351275268
2406 36.398209296266856
2407 -1.0
2408 105.46012858499186
2409 69.05051092501253
2410 126.38636888209909
2411 136.90669534014089
2412 149.05486633215756
2413 94.96559977546147
2414 48.126948293249484
2415 -18.238155643000464
2416 -4.859626312190361
2417 -1.0
2418 103.39085654671906
2419 128.68161911664646
2420 3.209776744295792
2421 -1.0
2422 127.3437979313541
2423 96.87065988232678
2424 49.75794374308066
2425 -14.993996131523563
2426 17.58030408527228
2427 -1.0
2428 61.14053946875053
2429 201.87039952992168
2430 93.6420242639857
2431 -1.0
2432 3.9633287527613117
2433 10.903588209308571
2434 -6.056041503707424
2435 109.74539742241758
2436 -4.474442131645528
2437 1.1273671694956633
2438 -1.0
2439 59.98991336745108
2440 -8.623240677970724
2441 109.0457265876097
2442 88.13661564904943
2443 3.3715254644681343
2444 61.550709416500325
2445 9.67737589197985
2446 43.163459607847656
2447 0.35841299057378473
2448 -21.153314177189607
2449 2.3388557086362876
2450 -1.0
2451 63.0636019997453
2452 -1.0
2453 -4.4076127320781495
2454 87.88879950130317
2455 39.959183035149714
2456 53.13327279508261
2457 38.406324049866306
2458 32.596192250904835
2459 66.51484253363705
2460 4.229404124489994
2461 13.814849913141744
2462 20.482609257084942
2463 -1.4577650076293776
2464 30.469902573769314
2465 -1.0
2466 131.6386644392368
2467 3.4408109653030943
2468 3.364757021710899
2469 35.537973238321946
2470 -1.0
2471 84.15229254112698
2472 152.06296216439011
2473 6.015755811688079
2474 34.69775078559707
2475 -1.0
2476 151.0409614578261
2477 127.95917283951923
2478 111.96958486206805
2479 11.809542416939758
2480 -1.0642812046385757
2481 -2.4733139096826164
2482 -0.08512008670606563
2483 -0.0514673375143575
2484 42.481854809965036
2485 122.13364735915943
2486 150.66041546502194
2487 160.6215754513249
2488 47.51012509889551
2489 124.72894148428237
2490 100.93644611198147
2491 93.89994780602105
2492 68.60461927549484
2493 114.97444166911858
2494 46.27081742686122
2495 41.576061297366664
2496 77.64390635925146
2497 86.14141771838898
2498 26.08350474457468
2499 188.84444003665857
2500 -73.79936552787807
2501 37.60719407313951
2502 -1.0
2503 13.019868800440138
2504 143.55745540105355
2505 15.30969506067941
2506 74.58517085062442
2507 67.42715450188615
2508 166.69787254259538
2509 24.858539585808245
2510 13.930246601627818
2511 9.629066255574632
2512 131.38538116456826
2513 214.860618256
2514 41.23350484341081
2515 156.8149284070474
2516 184.5886596331727
2517 71.57535327124117
2518 188.17598752469507
2519 219.0331991490876
2520 63.23216929141144
2521 -1.0
2522 154.99888976224491
2523 176.94933143687118
2524 158.60305328388998
2525 182.25502214589682
2526 163.42733209962717
2527 140.96385408838896
2528 173.0796388354917
2529 -214.4757223814187
2530 -151.27901204898262
2531 144.86199578423407
2532 -121.29441608348694
2533 163.16761136906374
2534 -2.454998269859189
2535 51.099813621356724
2536 32.60836486740548
2537 -0.8180696069602234
2538 159.54379449157491
2539 172.5586913194517
2540 10.280149064660122
2541 162.87770831021513
2542 135.6831866222436
2543 215.93841839755194
2544 171.85631468614642
2545 141.29631871035755
2546 216.73011797894546
2547 172.34247379822173
2548 186.83921246495933
2549 119.87125920861644
2550 209.99506502976854
2551 147.89015787261047
2552 161.0190927258223
2553 170.73813358022534
2554 203.7815853500968
2555 132.80780195754704
2556 111.70030073925663
2557 161.92640319581977
2558 69.1676318468454
2559 194.71435885701862
2560 111.10764694135949
2561 107.9066197366614
2562 159.11114194699502
2563 202.44091176972609
2564 208.04009230959323
2565 39.3787865930301
2566 99.52069487181818
2567 168.37129719855108
2568 20.91032570666419
2569 -1.0
2570 62.210290692471865
2571 89.58194788266891
2572 176.14970862821593
2573 133.27937564815562
2574 175.3518564923372
2575 161.655431751125
2576 52.851243226323525
2577 198.459675329453
2578 211.70949101459811
2579 15.792605252789155
2580 -1.0
2581 20.32410570199029
2582 6.364201419781936
2583 121.79968950339416
2584 180.60653379791648
2585 146.23506871264726
2586 153.71051654340346
2587 -1.0
2588 72.53997271024997
2589 104.25122437066179
2590 195.38680083655035
2591 189.0958427967485
2592 55.15689786408731
2593 86.45298406635047
2594 186.17815561220763
2595 124.70468211092411
2596 87.1385155307538
2597 113.46456900483956
2598 49.74743549025021
2599 82.69471127021508
2600 52.73106658274931
2601 114.01779035937804
2602 -1.0
2603 162.4301520950219
2604 111.34066046639894
2605 71.52412284907143
2606 36.93007439259167
2607 60.48814063908998
2608 165.15289853311583
2609 149.74857673292752
2610 191.36180579233562
2611 204.9695826521655
2612 193.54356096478662
2613 135.4124351883921
2614 158.25434284107536
2615 123.23889716964632
2616 176.66200665143222
2617 46.86342617941805
2618 171.82452203471976
2619 128.1790452360378
2620 196.3921085076626
2621 25.395149568094542
2622 206.90144920148862
2623 97.53199060979443
2624 167.80226515184367
2625 5.036526927755203
2626 109.93973887604164
2627 166.03412838291112
2628 189.20586449067048
2629 150.99821428221247
2630 172.89651638075094
2631 188.85443216175764
2632 219.43255576905088
2633 71.39857874282147
2634 158.67856909942688
2635 143.1149484527444
2636 165.63593891336268
2637 141.80638947197625
2638 60.68380962970773
2639 32.1146101677723
2640 116.81216194905205
2641 96.0488922688798
2642 88.61136918962757
2643 179.3748344624946
2644 149.19927417224298
2645 177.21897337737755
2646 135.3354816593235
2647 108.7743821855955
2648 124.06347029254854
2649 -1.0
2650 185.70496062497475
2651 173.94165407544259
2652 171.85865383557768
2653 188.11392336025122
2654 145.87432493657326
2655 56.667414369379514
2656 174.66542218324454
2657 152.99221404233353
2658 164.8844171040187
2659 174.9456690765397
2660 151.70139012535455
2661 185.47377511462653
2662 185.23976813327639
2663 164.25481291494424
2664 181.3689327874403
2665 164.13171085496498
2666 130.35181850008854
2667 139.4115320277861
2668 172.467974521573
2669 148.37899328424206
2670 94.4886773420631
2671 83.34512892520905
2672 189.0722618789222
2673 113.9770987547506
2674 153.07915419696653
2675 60.13718428854541
2676 -1.0
2677 126.4395007539155
2678 166.2930665545656
2679 105.60617311210144
2680 -1.0
2681 173.62488892867404
2682 180.34237634204027
2683 123.94872006143545
2684 139.9341885722393
2685 157.0430027761479
2686 85.4503346278099
2687 187.16028143070236
2688 133.88061923295624
2689 189.21538247802636
2690 174.87717318704313
2691 144.16530540661952
2692 56.59472740970106
2693 117.44878121845163
2694 163.91736280137164
2695 156.06429492813575
2696 113.05878544297877
2697 175.3638759874652
2698 -3.9634879210312945
2699 65.47682984698032
2700 21.35571604525808
2701 97.94113548310942
2702 92.66356698007803
2703 20.463401834182985
2704 107.71217621647664
2705 60.661488462754704
2706 41.715104525007995
2707 67.49131928065833
2708 67.61103528889016
2709 -1.0
2710 95.67920953979588
2711 131.7642702776861
2712 78.80177657307466
2713 -1.0
2714 43.73938132379519
2715 151.27546253717935
2716 160.60814873051527
2717 53.571310933050555
2718 -1.0
2719 117.16690267217909
2720 97.77144617384768
2721 154.0920343491137
2722 18.11115173949265
2723 177.04770697664898
2724 179.29168862815098
2725 168.37910278914217
2726 67.11113799831648
2727 121.6021341812165
2728 111.03103553580243
2729 63.81864972089349
2730 190.02778873917276
2731 63.39467077472912
2732 106.85304758424348
2733 35.16132005220702
2734 183.9773682576827
2735 47.467851357780845
2736 -1.0
2737 99.32930932522693
2738 -1.0
2739 105.89387652220462
2740 8.282526983854812
2741 -1.0
2742 168.94725020917954
2743 65.25768820493344
2744 99.9178744150737
2745 89.4073202120266
2746 -1.0
2747 27.855188998891364
2748 -1.0
2749 80.13708004495605
2750 31.6981974521728
2751 76.3774243220565
2752 82.97862508004276
2753 57.307190635981506
2754 163.5732326195447
2755 173.24634726104722
2756 33.601375652310026
2757 178.76377647787103
2758 163.79727701036126
2759 60.505948808166785
2760 149.63132259905237
2761 57.78605831425499
2762 13.457534149807191
2763 91.09431003869211
2764 -1.0
2765 35.39306773981055
2766 96.45320377610287
2767 23.465589513856106
2768 42.476253560392884
2769 37.04965642587957
2770 55.65491854894756
2771 13.33465132068792
2772 -1.0
2773 77.1375306561372
2774 54.40197601808604
2775 27.103899916326803
2776 49.989254930209064
2777 61.16234219713153
2778 57.3183918439326
2779 -1.0
2780 175.71069716404602
2781 19.33455967314009
2782 13.070417073433005
2783 -1.0
2784 47.44402202270038
2785 75.94776013943427
2786 32.44306555400309
2787 -1.0
2788 111.95799286325128
2789 21.47262102048087
2790 13.385080983368747
2791 -5.237943053610829
2792 -3.5084450335300685
2793 109.82432732767376
2794 31.728725568000087
2795 91.62567780832782
2796 64.51460264826737
2797 106.94243528624084
2798 15.467811459338538
2799 87.27782397562694
2800 29.84858960111665
2801 146.8960851278872
2802 145.88817225672753
2803 97.18959803057274
2804 75.73620545694018
2805 19.990255672300012
2806 18.57011055527149
2807 49.95191352217791
2808 33.10971029592986
2809 -1.0
2810 15.509675536406736
2811 13.374897981445196
2812 71.51901776294038
2813 -1.2206642521654638
2814 -1.0
2815 10.952066511674655
2816 -1.0
2817 68.06548354182355
2818 -1.0
2819 -15.176863873543082
2820 77.95155585121499
2821 -55.778694168326965
2822 35.78358644534696
2823 149.0155663871895
2824 0.5732319557642287
2825 -1.0
2826 32.318512685392136
2827 107.59736388584135
2828 167.59945969708363
2829 32.875777892580246
2830 39.83439235868434
2831 115.34009809095642
2832 61.50678320718516
2833 153.22648413948764
2834 59.58437184162189
2835 141.22242039833367
2836 154.515472135757
2837 81.05415196291767
2838 6.779719549937067
2839 68.8419109499154
2840 -58.932460104539366
2841 60.137967379398305
2842 63.32080735558003
2843 59.91430682538393
2844 43.88063139416476
2845 54.33904384635044
2846 43.0790842814666
2847 -15.546139019888122
2848 -1.0
2849 15.83016894942298
2850 -1.0
2851 45.87812891390907
2852 50.235061338945755
2853 121.24672482708864
2854 -1.0
2855 38.7726584895975
2856 103.65305604184574
2857 11.292786834166568
2858 27.29977135897036
2859 9.081440978076428
2860 172.46777899411293
2861 -9.372131987999323
2862 106.00156271031636
2863 68.1951747840589
2864 44.00623383563466
2865 129.7788091990829
2866 38.330023520502436
2867 18.816968273045063
2868 27.369437365823973
2869 5.570634297090187
2870 22.55545528485979
2871 8.23546007327843
2872 28.1136414336189
2873 22.78027396542488
2874 38.37016353044795
2875 76.72332343618531
2876 -1.0
2877 87.01647862365576
2878 103.52486069966425
2879 -8.727326453968466
2880 -23.305096967803976
2881 14.20579840188964
2882 -1.0
2883 125.5164974194229
2884 0.7125931609557394
2885 -1.0
2886 171.3291229881925
2887 54.771370144279906
2888 68.90886665420823
2889 40.05404286876032
2890 -37.631871573023346
2891 124.99188919879599
2892 18.385340097983182
2893 16.145978471341348
2894 99.64880899771983
2895 86.71707098734915
2896 -12.216582925001486
2897 144.92070715063144
2898 11.578117564727618
2899 -13.159004000744359
2900 26.488638500479613
2901 -2.2997289969531387
2902 -16.213168904342304
2903 50.26413684204046
2904 32.46206592233005
2905 59.02915851355933
2906 29.7376391358437
2907 22.392866170905727
2908 20.69724874440882
2909 93.1166709456645
2910 -1.0
2911 20.75252092504224
2912 20.85369150853103
