 1.00 22.26 22.26
 2.00 -422.81 -200.27
 3.00 -3.00 -134.52
 4.00  5.43 -99.53
 5.00 -3.00 -80.22
 6.00  3.20 -66.32
 7.00 -3.00 -57.27
 8.00  4.12 -49.60
 9.00 -3.00 -44.42
10.00  5.05 -39.48
11.00  2.66 -35.65
12.00 -3.00 -32.92
13.00  3.65 -30.11
14.00 -3.00 -28.17
15.00  6.90 -25.84
16.00 20.30 -22.95
17.00 -3.00 -21.78
18.00 -287.55 -36.54
19.00 -41.22 -36.79
20.00 -199.49 -44.93
21.00  3.03 -42.64
22.00  4.58 -40.50
23.00  3.23 -38.59
24.00 -3.00 -37.11
25.00  2.26 -35.54
26.00 23.47 -33.27
27.00 -3.00 -32.15
28.00 -162.04 -36.79
29.00 -146.58 -40.57
30.00 -166.30 -44.76
31.00 -47.35 -44.85
32.00 -18.23 -44.01
33.00 -8.97 -42.95
34.00 -27.71 -42.50
35.00 -3.00 -41.37
36.00 -1.14 -40.26
37.00 -1.27 -39.20
38.00 -4.27 -38.28
39.00 -3.00 -37.38
40.00 -4.74 -36.56
41.00 -588.49 -50.02
42.00 -61.50 -50.30
43.00 -151.16 -52.64
44.00 19.19 -51.01
45.00 63.42 -48.47
46.00 -3.00 -47.48
47.00 32.00 -45.79
48.00 -3.00 -44.90
49.00 -17.09 -44.33
50.00 25.13 -42.94
51.00 24.26 -41.62
52.00 -3.00 -40.88
53.00 -10.71 -40.31
54.00 -3.00 -39.62
55.00  2.78 -38.85
56.00  8.65 -38.00
57.00 -3.00 -37.39
58.00 32.30 -36.19
59.00 -3.00 -35.62
60.00 18.80 -34.72
61.00  2.74 -34.10
62.00 -53.49 -34.41
63.00 -3.00 -33.92
64.00 -47.65 -34.13
65.00 -5.16 -33.68
66.00 -3.00 -33.22
67.00  3.21 -32.68
68.00 -3.00 -32.24
69.00  3.11 -31.73
70.00 -3.00 -31.32
71.00  3.29 -30.83
72.00 -3.00 -30.44
73.00 -169.62 -32.35
74.00 -196.22 -34.56
75.00 -85.05 -35.24
76.00 -3.00 -34.81
77.00 -235.34 -37.42
78.00 -1093.86 -50.96
79.00 16.36 -50.11
80.00  6.59 -49.40
81.00  5.66 -48.72
82.00 -171.11 -50.21
83.00 -77.25 -50.54
84.00 -28.37 -50.28
85.00 -239.50 -52.50
86.00  4.42 -51.84
87.00 -2.70 -51.27
88.00 -23.82 -50.96
89.00 -3.00 -50.42
90.00 -14.79 -50.03
91.00 -41.71 -49.94
92.00 -127.03 -50.77
93.00 -3.00 -50.26
94.00 -89.14 -50.67
95.00 -3.00 -50.17
96.00 -99.30 -50.68
97.00 -3.00 -50.19
98.00 -211.48 -51.84
99.00 -137.29 -52.70
100.00 -3.00 -52.20
101.00  3.10 -52.40
102.00  2.90 -48.14
103.00 -3.00 -48.14
104.00  6.32 -48.13
105.00  2.81 -48.07
106.00  3.33 -48.07
107.00  3.84 -48.00
108.00  0.88 -48.03
109.00 -3.00 -48.03
110.00  3.10 -48.05
111.00  4.31 -48.04
112.00  2.52 -47.98
113.00  8.87 -47.93
114.00 -473.01 -52.63
115.00 18.19 -52.52
116.00 -3.00 -52.75
117.00 -122.84 -53.95
118.00 47.02 -50.60
119.00 -3.00 -50.22
120.00  4.80 -48.18
121.00  3.72 -48.17
122.00  3.34 -48.18
123.00 -12.69 -48.34
124.00 -60.39 -48.92
125.00 -185.54 -50.79
126.00 -786.14 -58.89
127.00 -287.94 -61.74
128.00 -1580.91 -75.93
129.00 -55.44 -75.02
130.00 -3.00 -73.38
131.00 -2.51 -72.94
132.00 -3.00 -72.78
133.00 -160.45 -74.30
134.00 -3.00 -74.05
135.00 -155.30 -75.57
136.00 -43.97 -76.00
137.00 -91.73 -76.91
138.00 -3.00 -76.89
139.00  3.90 -76.83
140.00  4.52 -76.73
141.00 -3.00 -70.88
142.00  5.07 -70.21
143.00  3.98 -68.66
144.00  4.14 -68.81
145.00  2.67 -69.42
146.00  3.91 -69.35
147.00  6.00 -69.61
148.00  4.43 -69.54
149.00  4.11 -69.32
150.00 -3.00 -69.61
151.00  4.36 -69.80
152.00 -3.00 -69.80
153.00 31.38 -69.38
154.00 33.08 -69.02
155.00  3.85 -69.01
156.00 -495.61 -74.05
157.00 -80.50 -74.83
158.00 -3.00 -75.18
159.00 -30.88 -75.46
160.00 -3.00 -75.68
161.00 -22.60 -75.93
162.00 -43.64 -75.83
163.00  5.26 -75.75
164.00 -647.85 -81.75
165.00 -3.00 -81.73
166.00  7.37 -81.63
167.00 -1374.87 -95.41
168.00 -72.84 -96.11
169.00 -55.79 -96.70
170.00  4.29 -96.62
171.00 -3.00 -96.69
172.00  4.16 -96.61
173.00  4.13 -94.88
174.00 -18.46 -93.10
175.00 -3.00 -92.28
176.00 -7.28 -92.32
177.00 -3.00 -90.00
178.00 -457.09 -83.63
179.00 -267.42 -86.47
180.00 -286.36 -89.40
181.00 -51.40 -89.97
182.00 -3.00 -88.29
183.00 -258.38 -90.10
184.00  4.53 -89.77
185.00 -3.00 -87.40
186.00  4.80 -87.40
187.00  4.29 -87.33
188.00 10.39 -86.99
189.00 51.21 -86.45
190.00 -121.72 -87.52
191.00 -3.00 -87.13
192.00 -329.10 -89.15
193.00 -3.00 -89.15
194.00  5.47 -88.20
195.00  1.88 -88.15
196.00 -3.00 -87.19
197.00  2.49 -87.14
198.00 -254.05 -87.56
199.00 -38.49 -86.57
200.00 -21.74 -86.76
201.00 -3.00 -86.82
202.00 -15.69 -87.01
203.00  0.05 -86.98
204.00  1.13 -87.03
205.00 -3.00 -87.09
206.00  3.03 -87.09
207.00 -3.00 -87.16
208.00  3.32 -87.14
209.00 -3.00 -87.14
210.00  3.46 -87.13
211.00 -29.56 -87.47
212.00 -14.44 -87.64
213.00  3.43 -87.69
214.00  3.98 -82.92
215.00  2.79 -83.08
216.00  4.26 -83.01
217.00 -3.00 -81.81
218.00  3.63 -82.24
219.00  3.76 -82.17
220.00  9.13 -82.13
221.00 -3.00 -82.20
222.00 20.75 -82.02
223.00  2.39 -81.87
224.00 -3.00 -81.30
225.00  3.13 -79.41
226.00  3.80 -71.51
227.00 -3.00 -68.66
228.00 -224.10 -55.10
229.00 -3.00 -54.57
230.00 -100.19 -55.54
231.00 17.23 -55.35
232.00 19.50 -55.12
233.00  7.48 -53.44
234.00 -3.00 -53.44
235.00 -53.08 -52.42
236.00 -375.40 -55.73
237.00 -23.96 -55.06
238.00 -3.00 -55.06
239.00 -64.39 -55.74
240.00 -3.00 -55.81
241.00  2.88 -55.76
242.00  2.54 -55.78
243.00 -3.00 -55.85
244.00 -121.86 -57.11
245.00 -19.22 -57.33
246.00 -3.00 -57.40
247.00 -279.77 -60.26
248.00  4.52 -60.26
249.00 -7.18 -60.37
250.00 -3.00 -60.37
251.00 -6.73 -60.48
252.00 -17.53 -60.62
253.00  2.58 -60.91
254.00 -9.67 -61.34
255.00  4.05 -61.34
256.00 -3.00 -56.41
257.00 -25.22 -55.86
258.00 -26.92 -56.10
259.00 -122.29 -57.01
260.00 -1337.28 -70.35
261.00 -476.92 -74.90
262.00 -3.00 -74.49
263.00 -215.68 -76.70
264.00 -498.44 -75.21
265.00 22.22 -74.95
266.00  2.91 -75.00
267.00 -9.65 -61.35
268.00 -3.00 -60.65
269.00 -29.19 -60.38
270.00 -3.00 -60.46
271.00 31.69 -60.11
272.00 -3.00 -60.18
273.00 -484.89 -65.07
274.00 -13.92 -65.03
275.00 -3.00 -65.03
276.00 13.65 -64.82
277.00 46.55 -64.32
278.00  4.37 -59.71
279.00 -3.00 -57.06
280.00  3.97 -54.16
281.00  3.36 -53.61
282.00  3.10 -53.55
283.00  4.28 -50.92
284.00  3.63 -50.93
285.00  2.06 -50.88
286.00 -626.05 -57.19
287.00 -879.37 -66.03
288.00 -25.91 -66.39
289.00  5.42 -66.85
290.00  4.72 -65.58
291.00 -4.35 -65.60
292.00 -3.00 -62.34
293.00  0.79 -62.30
294.00 -3.00 -62.38
295.00 -40.65 -62.81
296.00  3.65 -62.74
297.00 -206.10 -64.83
298.00 -3.00 -62.32
299.00  2.42 -61.91
300.00 30.31 -61.39
301.00  3.84 -61.32
302.00  3.48 -61.13
303.00  4.70 -61.08
304.00  3.85 -61.05
305.00  3.88 -60.98
306.00 -3.00 -61.04
307.00  6.40 -60.95
308.00  9.02 -60.89
309.00  2.83 -60.84
310.00  4.46 -60.83
311.00  3.89 -60.49
312.00  2.46 -60.32
313.00 15.38 -60.20
314.00 -3.00 -60.27
315.00  4.57 -60.25
316.00 -778.46 -68.08
317.00 -424.65 -72.30
318.00 -198.25 -74.32
319.00  3.02 -74.32
320.00  2.76 -74.39
321.00 -3.78 -74.40
322.00  2.91 -74.57
323.00  2.51 -74.57
324.00 43.55 -74.11
325.00 -3.00 -74.17
326.00 -136.24 -75.57
327.00 -77.57 -76.31
328.00  3.00 -74.04
329.00 -452.58 -78.54
330.00 -202.77 -79.57
331.00 -80.20 -80.54
332.00 -62.44 -81.36
333.00 26.17 -81.17
334.00  4.57 -81.10
335.00  6.06 -80.51
336.00  3.38 -76.72
337.00  2.28 -76.45
338.00  3.80 -76.39
339.00  3.17 -75.71
340.00  3.60 -75.65
341.00  5.57 -75.62
342.00 -3.00 -75.67
343.00  3.74 -75.61
344.00 -3.00 -74.42
345.00  2.88 -74.20
346.00  3.89 -74.13
347.00 -3.00 -71.36
348.00  1.84 -71.39
349.00 -3.00 -71.35
350.00 -1.88 -71.33
351.00 -3.00 -71.30
352.00  4.36 -71.08
353.00  2.46 -71.08
354.00  4.38 -70.94
355.00 -3.00 -71.01
356.00 -645.50 -77.43
357.00 -433.46 -81.52
358.00 -18.53 -81.43
359.00 -3.00 -80.24
360.00 -380.98 -70.68
361.00 -3.00 -65.94
362.00 -87.92 -66.79
363.00 -63.78 -65.27
364.00 -98.16 -61.26
365.00 -356.88 -65.06
366.00 -56.33 -65.65
367.00 -327.23 -68.82
368.00 31.57 -68.48
369.00 -14.26 -68.33
370.00  3.59 -68.26
371.00 -3.00 -68.61
372.00  2.56 -68.55
373.00  5.76 -63.65
374.00 -3.00 -63.54
375.00 -10.43 -63.61
376.00 -1886.53 -82.61
377.00 -69.23 -83.77
378.00 -3.00 -83.85
379.00 -142.00 -85.24
380.00 -3.00 -85.31
381.00  3.29 -85.31
382.00  3.94 -85.30
383.00 -561.74 -90.96
384.00 -176.20 -92.76
385.00 -417.32 -96.95
386.00 -3.00 -90.72
387.00 -53.88 -82.47
388.00 -16.55 -82.37
389.00  3.55 -82.39
390.00  1.41 -82.42
391.00 -3.00 -82.41
392.00 -2.06 -82.40
393.00 -73.31 -83.14
394.00 -155.55 -84.67
395.00 -83.15 -85.09
396.00 -3.00 -85.16
397.00  3.27 -83.06
398.00 -88.17 -83.92
399.00  2.21 -83.92
400.00 -3.00 -84.25
401.00 -36.06 -84.65
402.00 -1.26 -84.70
403.00 -3.00 -84.77
404.00  3.94 -84.77
405.00  2.74 -84.79
406.00 -8.23 -84.84
407.00 -3.00 -84.93
408.00  3.98 -84.98
409.00  3.03 -84.98
410.00 -3.00 -85.05
411.00  3.50 -85.06
412.00  3.32 -85.05
413.00 -3.00 -85.23
414.00 24.67 -84.96
415.00 -127.71 -86.28
416.00  4.38 -78.45
417.00 -3.00 -74.23
418.00 -779.05 -80.04
419.00 -383.29 -83.91
420.00 -3.00 -83.96
421.00 -684.65 -90.77
422.00 -3.00 -90.83
423.00 -166.44 -92.52
424.00 -21.04 -93.17
425.00 -526.33 -98.40
426.00  4.23 -97.00
427.00  0.57 -96.21
428.00 -15.74 -96.40
429.00  2.50 -91.85
430.00 -3.00 -89.85
431.00 -22.78 -89.28
432.00 -3.00 -88.68
433.00 -3.82 -88.98
434.00  2.37 -89.01
435.00  3.79 -89.03
436.00 -3.00 -89.09
437.00 -392.06 -93.04
438.00 -917.88 -102.25
439.00 -52.10 -102.81
440.00 -180.91 -104.65
441.00 -3.00 -104.74
442.00 -30.07 -105.01
443.00  3.10 -105.01
444.00 -3.00 -105.01
445.00  2.58 -105.02
446.00 -17.77 -105.23
447.00 -275.36 -107.96
448.00  2.88 -107.95
449.00 -3.00 -107.95
450.00 -95.72 -108.88
451.00 -3.23 -108.89
452.00 -3.00 -108.96
453.00 12.31 -108.86
454.00  2.92 -108.88
455.00 -3.00 -108.88
456.00 16.05 -102.26
457.00 -181.65 -99.74
458.00 -104.32 -100.60
459.00 -3.00 -100.60
460.00 -85.34 -97.64
461.00 -90.23 -98.52
462.00  2.94 -97.61
463.00  3.77 -96.93
464.00  2.38 -95.93
465.00 12.85 -92.23
466.00 -3.00 -91.70
467.00 20.22 -88.22
468.00 -3.00 -88.57
469.00 -29.00 -88.72
470.00  3.05 -88.72
471.00 -3.00 -88.72
472.00  3.32 -88.71
473.00 -5.71 -88.83
474.00  7.76 -88.72
475.00  5.29 -88.56
476.00 -3.00 -69.73
477.00  3.14 -69.00
478.00 -3.00 -69.00
479.00  0.68 -67.58
480.00  0.73 -67.54
481.00 -3.00 -67.60
482.00 -12.42 -67.77
483.00 -3.00 -62.18
484.00 25.71 -60.16
485.00 -83.47 -56.82
486.00 -2.91 -56.82
487.00 -317.86 -59.46
488.00 -27.44 -59.57
489.00 -587.53 -65.48
490.00 -135.56 -66.85
491.00 -589.94 -72.72
492.00 -69.27 -73.39
493.00 -270.32 -75.36
