0 -9.660000577397685
1 -3.0
2 2.2419111808089234
3 -4.250705198867157
4 -9.068084608792962
5 -3.0
6 -7.43479841033616
7 -31.54764034640044
8 -3.0
9 -248.8141608873864
10 -3.0
11 -155.2102262551691
12 -34.785829029914964
13 -318.75676903533576
14 -54.640698904263836
15 -113.9658086222306
16 -79.97402698764857
17 -108.54878687711842
18 -3.0
19 -104.99211190257074
20 -116.74445353106984
21 -28.474585870975663
22 -93.23488786872116
23 -47.474201390233084
24 -28.127950589597983
25 -37.468135526544614
26 -41.42161232393252
27 -3.0
28 -51.31346809023228
29 -31.598350159143006
30 -3.0
31 -99.53748698263372
32 -21.65878118688938
33 -26.343775780944398
34 -29.51292709453184
35 -3.0
36 -27.86954973263358
37 -23.941925320372857
38 -40.06910273313689
39 -3.0
40 -31.517623977792436
41 -74.8346858892675
42 -51.57314515622943
43 -65.84722616373972
44 -3.0
45 -35.59014470711664
46 -16.913288716244512
47 -26.507248802263945
48 -3.0
49 -2.9610318293297797
50 -4.906858403622018
51 -3.0
52 -5.828209746885308
53 -5.013323523612529
54 -3.0
55 -2.448435912446353
56 -3.0
57 -7.684887672184093
58 -3.0
59 -5.198476635508393
60 -5.309589711992286
61 -11.661934432037771
62 -16.150296898402473
63 -3.0
64 -5.240822933602502
65 -3.860092962632185
66 -7.15376773708591
67 -11.237952193877863
68 -5.610827717476573
69 -17.14404668156348
70 -6.236695943233817
71 -7.289853669033028
72 -3.1121681692703818
73 3.9374419813895933
74 -10.606895347901096
75 -3.0
76 -5.972742509339832
77 -7.224735054021996
78 -35.404447535026485
79 -14.628899002786119
80 -3.865567308278401
81 -8.355065329492302
82 -3.0
83 -2.302926341591207
84 -47.215903725703676
85 -8.175375554071032
86 -3.0
87 -6.432751209067273
88 -10.19147023515752
89 -22.15098447193337
90 3.7974329636578474
91 -4.353423658542256
92 -4.385753798356174
93 -19.417708005794484
94 -9.615749127092323
95 -6.650032218618854
96 -11.110347348194463
97 -17.186652707688275
98 -5.859995371414026
99 -21.06614377347142
100 -5.7318879448393805
101 -37.0212144639099
102 -5.342824156766261
103 -4.268017930615407
104 -12.553265200742901
105 -9.133066091065496
106 -228.89327871385711
107 -3.0
108 -27.108211074384087
109 -5.2742334829281345
110 -3.0
111 -8.367335030267144
112 -5.77727803473804
113 -16.938115611293874
114 -3.0
115 -6.018408342691691
116 -3.0
117 -7.349156107603028
118 -8.419924768682423
119 -3.0
120 -6.52015915277581
121 -2.9206621932801897
122 -1.2464052391445075
123 -5.865162550780315
124 -7.0873358106700985
125 -12.800159593372966
126 -5.156917469477415
127 -3.0
128 -7.296252637251482
129 14.155603186328115
130 -3.0
131 -8.543435554525356
132 8.806695828281148
133 -3.4143057656849405
134 -3.0
135 -16.587931132689107
136 -11.63212269493262
137 -5.97224005420683
138 -3.0
139 -101.61911291102057
140 -7.414699451543281
141 -7.627249511213728
142 -3.0
143 -10.973883540261864
144 -6.567509487882553
145 -3.0
146 -9.644232487864182
147 -3.0
148 -13.772984983628465
149 3.450574164159393
150 -3.0
151 -7.29441663655961
152 -13.727527820486216
153 18.68106678807011
154 -3.4312053925790926
155 9.206916203982242
156 4.080910094556048
157 -82.79870202950647
158 -7.246530522487016
159 -3.0
160 -4.207393166131321
161 -5.275613721501186
162 -4.132054718317182
163 -4.511694870123565
164 -6.660662630417248
165 -43.304041626939586
166 -6.946962454263326
167 3.458114528831988
168 15.971223437806227
169 18.70709756665707
170 -33.080908687861005
171 -20.26254207441189
172 -5.33804612047092
173 -3.0
174 -36.96321816534795
175 17.763165445888067
176 -3.7426142278754577
177 -3.991531381389005
178 -6.227514198320538
179 -3.0
180 -13.279622257053628
181 -5.701063744856075
182 -1.2227091394076304
183 6.221182422292749
184 -3.0
185 -38.42277878155945
186 -29.098572312764983
187 -7.810416553434792
188 -7.840123266730293
189 -28.832058861717357
190 -3.0
191 17.13023679803401
192 -3.0
193 2.588711664785177
194 3.6714352724972414
195 0.050338906174436815
196 -356.2607815006075
197 -4.89737586230816
198 -3.0
199 -39.35183033005095
200 -3.0
201 -5.292828281948791
202 7.732994575331746
203 -9.244374483706817
204 -2.7360115908010356
205 13.457321433401365
206 -3.0
207 3.193656523490513
208 6.045671425410646
209 -0.020949397710360085
210 -0.5110149366828343
211 -3.0
212 6.692599464148156
213 -3.0
214 -4.238736554372084
215 -3.9665407201427283
216 19.18798591619357
217 -21.201089134693003
218 1.9966969900977016
219 0.7781609978980919
220 13.437041068144325
221 13.991157040750831
222 -3.0
223 3.3929056561259765
224 -2.4597551305516445
225 -3.0
226 -116.41555321524524
227 -3.0
228 12.681175671551875
229 -31.364149004522623
230 -10.91364794358096
231 -214.19390085019756
232 -3.0
233 14.581230680643689
234 -4.000619231356259
235 -3.0
236 -14.6224365988711
237 -41.353501786878475
238 -53.86684288955599
239 -3.0
240 -18.62322862154658
241 -3.0
242 -5.935067471466246
243 -6.955121788419347
244 22.304555534443626
245 16.006719457317892
246 -19.703541574934288
247 -166.38212087264628
248 3.941847684764017
249 -3.0
250 -7.094711838913383
251 -5.631736858191377
252 -3.0
253 -3.5721741907181506
254 -3.901404792797897
255 -3.0
256 -35.47272878843228
257 -33.01140107249028
258 -30.00988233871663
259 11.497351256596396
260 -39.36703909196206
261 -85.92420747373521
262 -3.0
263 -4.450342316191266
264 -6.529698716338407
265 -3.0
266 -12.039171249781434
267 -3.0
268 -22.991558042605032
269 -26.645726200183137
270 22.729655637682004
271 -22.499721196728288
272 7.961442426241698
273 -4.148868566117168
274 19.187456337725347
275 8.176066650416285
276 -34.363631568200745
277 -3.0
278 -21.896490041755722
279 -15.042678468274003
280 -13.64537723918972
281 -9.22620385324807
282 -160.94112876097017
283 -21.728541246916205
284 -4.310284381659958
285 -3.0
286 -4.513043031510067
287 -3.0
288 -22.164829908475173
289 -8.428531210518921
290 15.945659323845003
291 7.044276923486919
292 -3.0
293 -9.484454489667247
294 -2.8265655636393716
295 -4.320351391552133
296 -46.57415159257389
297 -7.886743481643356
298 -70.17847070472037
299 -8.307642939236501
300 -3.0
301 24.678329896260255
302 -2.6186265742505834
303 -9.64642483930186
304 -4.2465360027373285
305 -26.467159238035972
306 -9.890170634049339
307 -3.0
308 -55.38838953065808
309 -0.2696769228822782
310 -32.57998144726863
311 -6.492756342285683
312 -1.4866715335793117
313 -19.12988821983496
314 -5.89323747484679
315 -3.0
316 -40.810142271347225
317 -27.31026000267481
318 -3.0
319 -56.16015251823733
320 -3.0
321 15.537746267030457
322 -11.675947641788243
323 -8.418686983553208
324 -6.850601046163657
325 -18.65966249810935
326 -7.516081241574115
327 -92.71273571830339
328 -3.0
329 -6.865333947763084
330 -25.904614493405532
331 -3.0
332 -5.176481270183595
333 -3.0
334 -12.596165846523405
335 -3.0
336 -22.959258414972165
337 -5.320931104078399
338 -3.7032502309278095
339 -3.0
340 -17.15738188170873
341 -10.77108537287313
342 -5.920753398084214
343 -5.37717556728855
344 -3.0
345 -3.198763436627215
346 -3.0
347 -94.66690120584829
348 -2.5431307570725044
349 -9.801189113805847
350 -6.302787276656228
351 -6.168569460868034
352 -3.7577517404445575
353 -3.0
354 -4.153705502326957
355 -2.7005429309716478
356 -3.0
357 -4.197379594420597
358 -5.310026954320704
359 -19.528836344689257
360 -7.086122093049817
361 -8.940585378665096
362 -28.004453616741184
363 -140.94200806311727
364 -7.336370526051524
365 -3.0
366 -9.495967620350324
367 -141.55762788656608
368 -161.76029172107195
369 -103.37588305291892
370 -3.0
371 -2.225607408399853
372 -82.92756965402918
373 -5.62609262483941
374 -81.23194343418108
375 -151.4434838356735
376 -9.095125135086423
377 -3.0083831176373925
378 -97.83662169025416
379 -102.10907431474567
380 -6.422886323836416
381 -3.0
382 -4.881408065896923
383 -4.243999798097646
384 -2.0017482118660315
385 -22.433508259682483
386 -3.0
387 -104.63162549547587
388 -3.0
389 -2.7667924682073965
390 -3.061104441912051
391 -3.0
392 -71.02848297288979
393 -105.63937053151885
394 -146.7379792420798
395 -3.672756460866016
396 -60.14727076974589
397 -105.66190949508952
398 -60.27168760444124
399 -5.178540958559571
400 -3.2501621768909956
401 -3.0
402 -9.941808811513766
403 -3.0
404 -95.95186082955256
405 -6.791664348897905
406 -3.0
407 -129.90976454403693
408 -72.65668504580839
409 -1.8152943994311732
410 -91.14176461777733
411 -88.12716657205753
412 -3.0
413 -1.1988982921153089
414 -3.0
415 11.754936585362245
416 -3.0
417 -4.192934417964471
418 -11.109575237121653
419 -3.0
420 13.463269364220064
421 -4.474936500749182
422 -47.168763807895154
423 -3.0
424 -4.510710698705127
425 -3.0
426 -17.189677788586216
427 -4.01514409734664
428 -4.033128006209798
429 -3.843668227288969
430 23.336395501508655
431 -5.769818577656706
432 9.286086272057247
433 -13.223494316033403
434 1.735932491733581
435 -11.92790908625084
436 -3.0
437 -23.467954321159645
438 -3.0
439 -1.5972723761127314
440 -5.774071348740086
441 -3.0
442 5.435243023322629
443 -3.0
444 -10.170065381814853
445 -7.4470791611914935
446 -3.863512600424858
447 -4.5840716750914305
448 -11.17116345851484
449 -3.205398889613401
450 -1.846822139923995
451 -6.482342046601953
452 -3.0
453 -5.323993175699892
454 -7.9024609217309525
455 -1.9749494701170898
456 -4.810060542374776
457 -13.875351721268883
458 -3.7782512359483356
459 -4.3848860646083185
460 -2.3859273686415525
461 -6.9933662843348365
462 -3.8686994389641916
463 -3.5327123008706165
464 22.70692731349753
465 1.1818894258928365
466 -0.43514661092908824
467 -7.035774873823424
468 9.763957580302284
469 -6.393464497104915
470 -7.240347114699586
471 15.949844568913267
472 -6.806907396918077
473 -3.0
474 -3.1215703365488374
475 -3.0
476 -6.015531161953908
477 -3.0
478 9.302633177389593
479 24.630537616948974
480 -1.3113830086823497
481 -7.664813530684654
482 -5.076076577332863
483 -6.923929951328622
484 7.6730477133199635
485 20.547388607866154
486 -9.926643887677072
487 -3.0
488 17.7140367935845
489 -5.199632313952106
490 -12.167483454411666
491 -5.895403508765741
492 -3.0
493 20.93309412503294
494 -3.0
495 9.995184811181906
496 -3.0
497 14.426251283498438
498 -3.0
499 -11.435923521792619
500 4.413293224381006
501 15.995572986434468
502 6.816928784642013
503 6.984296822947533
504 -12.505120221534675
505 13.386277683602557
506 -3.0
507 -4.7624004574233165
508 -3.0
509 14.85187319617641
510 9.9255198576962
511 -2.950994111124413
512 -6.871313440709386
513 -4.839468869281262
514 -3.0
515 9.84804584383385
516 18.812361500167416
517 -24.85314936411503
518 -13.795137072502644
519 17.75182904475962
520 -4.276189797031513
521 -3.0
522 15.319247014294582
523 -8.599631171998734
524 12.550751299606782
525 -6.872953898356886
526 -3.0
527 1.1419171272088882
528 -3.0
529 -0.5569992692822954
530 1.960757775270265
531 16.74105794588234
532 -5.624899134104945
533 3.214931887744708
534 -3.0
535 8.125752132077205
536 -5.405802510272512
537 13.658492798992903
538 -8.430960352381096
539 20.048907571189034
540 9.456596568675579
541 15.455197440355136
542 -6.397122549582803
543 3.0311684072586917
544 8.01633263034122
545 -9.451333718518086
546 24.780402950789092
547 5.843905476754054
548 -3.0
549 8.802648608201327
550 -1.189093498837351
551 -3.8401724672826685
552 -3.0
553 -0.3159794424857454
554 1.6469499549417863
555 -14.812474069434414
556 -3.0
557 2.876280029264536
558 -3.0
559 -6.0179019769128494
560 -28.90746352448281
561 7.597643241968758
562 -3.0
563 5.808928416534394
564 -22.76558207895065
565 3.958775213461176
566 10.353215807436174
567 -14.012755387256634
568 15.429377030077102
569 -5.281766567556758
570 6.340603142004781
571 16.983604752057698
572 -17.498615222842027
573 -1.5796627008876414
574 -9.353434216514763
575 1.4359037052094958
576 13.714265052092163
577 -3.0
578 4.357511468138881
579 -3.8127346214974867
580 -3.0
581 14.444619394836295
582 -4.938182702118994
583 -3.0
584 0.578734155217199
585 3.3991472386034545
586 -1.7375735688581015
587 -2.4840362197156214
588 5.568627774478054
589 -16.025268131491856
590 -12.742543932597519
591 -2.4821424972235584
592 9.231687057905422
593 1.0602751396104537
594 -3.0
595 5.056633922380918
596 -3.0
597 -3.593008104403826
598 17.009084238857803
599 -3.0
600 -15.252410185006369
601 -3.0
602 -0.12229640263436048
603 -3.0
604 -3.9669519756010194
605 -6.827349218504468
606 -8.614066419064708
607 -3.0
608 -0.19991892685172719
609 -3.0
610 -5.6331542406433535
611 8.604798443268358
612 -14.96629986475519
613 -2.522449427303348
614 -3.0
615 -1.6435895396309732
616 9.92384356732338
617 1.2745629653082577
618 9.016901926134517
619 9.872729789309446
620 -4.394231884025407
621 1.9029399302851768
622 14.250639574075255
623 11.450276720162742
624 -3.0
625 -4.4888701947723675
626 -8.158305788745647
627 13.541944839063518
628 5.056032036475576
629 -1.7990223292293757
630 4.977205800694813
631 12.161578460932313
632 -3.0
633 2.536028133540344
634 12.403983942346567
635 -2.7669631850867127
636 5.069622388517853
637 -3.0
638 10.875045792422235
639 5.035748693940313
640 2.8840895735382306
641 -3.0
642 -3.006439182889951
643 22.604571478933657
644 11.545135560143992
645 1.0434514674413844
646 4.306628076932933
647 -3.0
648 18.036949802538448
649 9.70147817676768
650 -3.0
651 15.430976589534882
652 1.8201003312458548
653 -3.0
654 -4.42913910016625
655 -3.0
656 0.8318915207670976
657 -4.443627440603396
658 -3.0
659 -19.351230697827827
660 -12.61141399791977
661 -10.241223490635704
662 -13.750848093679398
663 -3.0
664 -3.3661672813262355
665 -11.28804042333411
666 -5.185608496638639
667 -24.255365313569378
668 -15.466482210426054
669 -1.2309522798734531
670 1.6505377412862732
671 -2.0743376650518828
672 -14.225823095557086
673 -3.0
674 -2.763653373903587
675 -5.842720800556615
676 -3.0
677 -6.61335095948279
678 -31.214969337447705
679 8.357920498441652
