0 -5.42732524823837
1 19.040680297917763
2 2.3589623656265406
3 -6.206098922561015
4 -3.0
5 2.895171088116027
6 -3.030108813276769
7 6.256103333771808
8 36.60523773734542
9 -3.0
10 4.4699144259504076
11 30.718736752445743
12 -3.0
13 0.6321033834811489
14 0.7441507228535711
15 10.189953365972496
16 0.48482254137198044
17 0.764349024648248
18 22.871443715309606
19 3.8994524190610838
20 -1.6037153829934079
21 -3.0
22 12.63060097889286
23 17.67098688488612
24 5.70236076356937
25 -3.0
26 22.82468240411691
27 11.969560002206135
28 3.9842489154897676
29 4.31765349022025
30 -3.0
31 7.868093513613152
32 8.457546178350341
33 -17.16018085762135
34 -9.409434266162638
35 11.682109422418351
36 8.123474858236106
37 -25.702421106057763
38 7.307878617993335
39 -3.0
40 -13.784238708293708
41 -5.032818419797223
42 7.83164999418373
43 15.380010730905099
44 -3.0
45 19.27844815540574
46 2.349249923911729
47 15.514129728049333
48 15.588886657587732
49 11.554711696866152
50 6.258762976678399
51 1.3603818832383645
52 -3.0
53 -13.115474434983602
54 -3.0
55 15.249816130063916
56 3.4253512416601826
57 -3.0
58 16.603417387841205
59 -3.0
60 7.895857638993167
61 -3.0
62 7.315472681946741
63 -2.4269675079568604
64 20.679086196299632
65 -9.4571248621559
66 -15.44250934006278
67 25.936900946950722
68 9.93191509893938
69 -3.0
70 10.02710666627312
71 -3.0
72 -8.649254609579828
73 16.37863981993342
74 -3.0
75 -9.735792119219298
76 -8.197219502389753
77 -35.42740013551772
78 -3.553083628966485
79 29.17034959366879
80 -3.0
81 12.258680196131966
82 16.642156856055617
83 -6.449278482044493
84 32.03484125042906
85 28.438663072751346
86 17.131513130026633
87 12.331171523622679
88 29.385624119289567
89 -3.0
90 17.307759378922004
91 -3.0
92 18.575524533389444
93 -3.0
94 12.533672713532658
95 20.114070945729857
96 16.425379708795372
97 32.70030744185553
98 17.40230646877063
99 31.894838743466792
100 -3.0
101 21.8043633996037
102 -3.0
103 21.215601342091936
104 23.102996637118682
105 34.49938029721264
106 15.688967987876545
107 6.647329520121296
108 31.901888811083403
109 22.43059430290695
110 34.97036624276639
111 -3.0
112 35.90429701512824
113 30.735147728350242
114 -3.0
115 33.863050883850995
116 -3.0
117 33.31935433940649
118 21.934147940292306
119 -3.0
120 27.32594946690407
121 25.84096314554084
122 32.78331333703468
123 34.38640198404391
124 -3.0
125 16.407415197204674
126 39.009915206879484
127 19.287736756963174
128 32.445599791041765
129 2.720126514064474
130 -3.0
131 28.25645018662383
132 28.675717211985404
133 19.288734076050822
134 -3.0
135 22.174702834932113
136 32.41887815489002
137 23.318748502601895
138 -4.948196267489854
139 27.610575932202973
140 29.966253821974448
141 20.75069614944714
142 25.14522969686583
143 -3.0
144 18.684473810849763
145 23.056673423523588
146 -3.0
147 -19.205970485287573
148 1.588917124365918
149 18.447852294840786
150 34.00800129274616
151 -3.0
152 -1.5277882460564784
153 -3.0
154 32.4496431555915
155 33.20397172707575
156 3.405193839192524
157 15.319833472611993
158 38.42663647595128
159 26.39434573768299
160 -5.990038997624554
161 0.7241533618843436
162 -3.0
163 24.62129179569484
164 27.731015864002348
165 -11.65226613097057
166 -69.83739592181722
167 -112.9350179892885
168 -112.13442362937377
169 -3.0
170 -96.48825913885527
171 -51.658463200903235
172 35.5562656740041
173 32.536274055549384
174 1.5082805462623394
175 0.5914952616188653
176 10.093748007854872
177 27.397941010906976
178 29.020658681680686
179 26.521609923483958
180 8.087180923754268
181 -1.6672616782285647
182 -67.26114678065584
183 -3.0
184 40.92556498753806
185 -0.6680294369688213
186 37.9674144629129
187 49.81526698820346
188 42.788997780876905
189 35.53636109207565
190 -48.993336631251175
191 -3.0
192 0.15863100247758233
193 40.35285756446713
194 15.400855814911232
195 25.895667259514077
196 17.298170683988435
197 14.292757939126528
198 -28.390806753665824
199 -3.0
200 14.752575708255705
201 28.396620494669687
202 24.858500507219397
203 -3.0
204 40.64697311191018
205 -32.34408878542669
206 18.578717382863896
207 26.506701631937275
208 -3.0
209 34.905532488454114
210 30.75020267056479
211 -3.0
212 0.9472945103158792
213 5.121605050941136
214 4.447145739710549
215 45.981258407506864
216 32.192660193112275
217 41.16933264775894
218 -3.0
219 34.34832728582671
220 -3.0
221 32.81634053467895
222 -3.0
223 37.866252713025695
224 20.274338581967086
225 -3.0
226 30.396242555617626
227 22.718296756662056
228 34.580961927683
229 27.90999736093487
230 -3.0
231 34.4979080900726
232 40.8433820068405
233 30.12092390156073
234 29.472319101863242
235 29.945430021886587
236 31.21065028593496
237 9.842565001726015
238 8.45565543264283
239 3.127452244627877
240 -3.0
241 38.29670083220978
242 30.08141385057749
243 26.724022599388153
244 -3.0
245 -3.0970317508546277
246 -3.0
247 28.683062268466895
248 20.603047466259092
249 12.988009277677298
250 20.36615738659926
251 -3.0
252 30.483054926921348
253 -3.0
254 36.45828392305513
255 48.19251229452695
256 34.543981309128775
257 37.87410105430647
258 -34.209344716245724
259 -3.0
260 41.0731010903946
261 36.27479288337147
262 34.968603915408075
263 2.3419011617814007
264 -3.0
265 24.625044600016583
266 -3.0
267 30.311417530116408
268 -3.0
269 7.880284099229117
270 27.601875770158244
271 29.39231230812529
272 37.81976728465722
273 34.08688566115307
274 -24.525767180847307
275 25.518774765503686
276 29.713084696402284
277 -3.0
278 32.697435374050116
279 10.925616811197665
280 40.993503877163015
281 33.21427862064085
282 -3.0
283 17.204177295803525
284 -3.0
285 28.59477936072283
286 36.12688416246185
287 10.31381844133405
288 38.431716431156566
289 22.18265796455069
290 43.85202544379278
291 -31.166192102255994
292 -3.0
293 33.52038678294266
294 16.525949571030903
295 33.916419059684934
296 -89.55695052235845
297 -3.0
298 36.009924650766834
299 -3.0
300 36.07739816316912
301 27.819761965594616
302 17.62643796272124
303 -3.8794024637916102
304 37.012411068649854
305 36.03011885815509
306 18.01912851081501
307 -23.746724271278428
308 4.8810361254852515
309 -3.0
310 36.15280257733223
311 44.638101068383634
312 28.402188642440866
313 40.585481986639934
314 17.296934645776716
315 -13.247474324204374
316 42.820418309651785
317 -3.0
318 32.07522439455917
319 34.724533170204054
320 26.102989445548964
321 42.54054499305275
322 32.35621050458026
323 -3.0
324 44.45945407442715
325 -3.0
326 18.85349301076034
327 -50.1136983338383
328 -105.76083732663271
329 -3.0
330 38.049153775359294
331 -3.0
332 14.866427677214812
333 46.345979473022695
334 22.06210954945164
335 -3.0
336 -5.846933971104619
337 2.0700802846037467
338 33.615820248467664
339 43.7161397280533
340 35.583229591451726
341 -7.135987298261145
342 -3.0
343 7.354225648738355
344 -3.0
345 33.02712993533879
346 -3.0
347 -39.86721146794897
348 31.34956290188829
349 45.44297600308085
350 56.539861440991096
351 48.65235614937397
352 24.64400289847815
353 -3.0
354 33.330519131595004
355 -44.220890959448575
356 3.7143505043156733
357 4.310783828253221
358 38.526698646010985
