0 16.45731161989182
1 -2.2
2 -2.0406081147756647
3 3.9257366717379574
4 -2.192789785366546
5 -2.1898115806544673
6 4.134728637682532
7 -1.8636037994177739
8 -2.0899839663554354
9 5.454775471058156
10 -1.83713769061944
11 -2.1959146008600947
12 -265.2088110652111
13 -48.086863839012665
14 -1.8625483807879146
15 -2.194508340710543
16 -119.06824943594717
17 -2.390593091954809
18 -45.96540184383419
19 -50.22743633394331
20 -0.6122964762183809
21 3.5542283803113337
22 -1.8851548838622656
23 -2.0919046360703066
24 -47.626082970710016
25 -58.760769638408895
26 12.556291872916203
27 12.591796204229764
28 7.113851496090587
29 6.639014856268682
30 -1.281953208060143
31 8.605720508265074
32 -1.42907592079127
33 8.274060483427453
34 -17.39727940533395
35 -0.9160534001218894
36 -10.356906984180762
37 -1.276329595178887
38 20.90440147143377
39 -14.17429265848867
40 -1.3993965424700439
41 6.129407403440547
42 -2.158151407542531
43 3.842716247881973
44 -1.8430453827922606
45 -2.19229198415476
46 -12.63204667230629
47 -15.192847099051203
48 -21.604388271887373
49 -39.97063541868785
50 7.282536860039321
51 -2.2544277214538724
52 -2.191159682415832
53 3.5345070058513905
54 -2.4533792321514603
55 -2.1271908310821384
56 4.095169357826267
57 -2.2
58 -2.0180456007536125
59 -19.320419400344203
60 4.541023413712473
61 -2.1991617742085583
62 -2.119005273840636
63 -20.679261316342746
64 3.8271750714667228
65 -2.1904314058820105
66 -2.1890534646893727
67 -16.6425858467384
68 -4.326495152417007
69 15.090266552635141
70 3.4482732187612886
71 -1.8333984202059062
72 -2.1997686165610952
73 15.49601741642176
74 4.682001454337932
75 -2.2446850440235404
76 -2.1985919505331815
77 -9.879421721134994
78 4.028075401224131
79 -1.8573390219883543
80 -2.0545763717454215
81 4.423312811286269
82 -2.193433141585055
83 7.177859980432309
84 -1.4286553868720646
85 37.41241691365632
86 -24.342161480051743
87 -1.2278439242428467
88 -18.734416192132144
89 3.7669386648780083
90 -1.8661502435666373
91 8.241913192000561
92 3.668121249422252
93 -1.8940405168431895
94 -2.198394218171486
95 -5.566346210172579
96 3.5338913237025187
97 -1.8661668834088088
98 -2.1979865084177583
99 -8.867679870831987
100 3.7884102512389073
101 -1.8822954459693304
102 -2.198327638139521
103 -14.634194135781868
104 3.6808469481823707
105 -2.1933484725088346
106 -2.188127218840243
107 -13.876521080606272
108 -1.041216178999499
109 4.213536255979086
110 -2.1883265936962744
111 -2.2
112 4.238984342835183
113 -1.8483148463877268
114 -2.1924977798216094
115 3.737423377489269
116 -1.8810826921672363
117 -2.195441683191276
118 5.423181344765443
119 -48.463465304744226
120 3.0633064711616447
121 -1.9296456119157073
122 -33.996371549088565
123 -5.427346663174532
124 -1.5586461977597246
125 3.605632647959236
126 -2.2
127 -2.1994994812324866
128 3.459649015125383
129 -2.19212688512223
130 -2.189911985965176
131 -7.688816171668362
132 -1.1609488933089818
133 -23.821234221991517
134 -1.156404544223888
135 5.942744525132629
136 -1.8330300298699478
137 -2.1970598089142745
138 6.020357575443077
139 -1.8210841337954027
140 -2.1980240498877364
141 4.532897312800277
142 -1.8020785379838022
143 -2.196752488750341
144 -54.61076653029116
145 2.9582487120523577
146 -2.195794634272933
147 -2.062132179065441
148 4.657159172464317
149 -1.8533207314491014
150 -2.2
151 5.531968059497901
152 -2.2
153 3.706370031958831
154 -2.189687751868708
155 -2.197577645435763
156 2.5495501163183274
157 4.226552035207756
158 -2.1886548947090696
159 -2.199302922103628
160 2.029679729216542
161 -2.1885124828639393
162 -2.1757453236911517
163 3.929328345855122
164 -2.1908362454051087
165 -2.1980932863039535
166 -74.32423952107916
167 -1.515346578316365
168 7.53428648992071
169 -2.1857752421626726
170 3.673721794121324
171 -2.0545508517746227
172 2.6295072990774004
173 -2.1897942912128716
174 -2.1960275985666744
175 -6.637124118928498
176 -1.1680958597192816
177 3.95903682964601
178 -1.8694569320408754
179 -2.190482723730759
180 -33.972410389410534
181 3.9990055183721402
182 -1.816593041414857
183 -2.1990832663393216
184 3.4836629377881296
185 -2.1887883220367814
186 -2.2
187 2.8561828810772774
188 -1.8904280843009034
189 -2.1983855608157117
190 4.671877114226215
191 -2.1927437488978376
192 -81.97284116624763
193 -1.1530867004821432
194 12.588312605421867
195 -1.048061946017399
196 -0.8981239380328018
197 -1.5162095531302289
198 -27.49768433162511
199 3.8794450484616383
200 -2.1785622760080865
201 -2.194851322292371
202 2.995221758317755
203 -2.1891574681408916
204 -2.052800588238965
205 5.691002245828983
206 -1.8683669810227674
207 -2.1979563435233596
208 -12.336102709707621
209 4.987784524702076
210 -2.1895652771229606
211 -2.2
212 -20.912849762901228
213 4.494467679626406
214 -2.188128555434131
215 -2.2
216 -98.97879800434723
217 -25.070260008978224
218 3.1096897055007875
219 -1.8433925974518575
220 -2.2
221 3.7058286131988787
222 -2.197621357557297
223 -2.1848486207493543
224 2.265759652546989
225 -2.0685084846157977
226 -2.1971487927451543
227 4.06368269230528
228 -2.199656594225765
229 -2.043321823540736
230 5.057282601810112
231 -2.19230872659992
232 -2.1912145706677535
233 3.8518444544017507
234 -2.1951010036461223
235 11.042445342796055
236 -2.197843758368089
237 -20.75975046687112
238 -120.04094966940733
239 -2.1962504684272086
240 -2.1976980823458914
241 24.3549122996731
242 -2.198420051582096
243 -31.047813317966895
244 -2.194225688749973
245 -28.952477620406004
246 -39.840429042217224
247 -1.5263527741893719
248 -1.3370533025987588
249 2.765112827651986
250 -2.196758316835074
251 -10.728384018361126
252 -1.1874045215863864
253 4.264520730667522
254 -2.199083859839936
255 -2.199398171567576
256 -28.38951086263824
257 -25.302452733049286
258 5.6512262204581045
259 -2.198970349979057
260 -2.118338925863065
261 3.955623739724725
262 -2.189591465793352
263 -2.197538409964979
264 3.63410400081332
265 -2.1888394235802147
266 -1.946460181616611
267 -30.712482697684543
268 3.418185973249392
269 -2.189660026500373
270 -2.0214931294734506
271 -18.21400783617036
272 -20.916818855145607
273 -1.2432547750789482
274 7.427912961369974
275 -2.1896673083144855
276 -1.973084430732721
277 3.5621620246355428
278 -1.8906674511062431
279 -2.1980389651332115
280 -23.994618588752306
281 -23.02357953537461
282 -1.188611266105158
283 -40.07188361889126
284 -1.4297104720240847
285 6.163456265165097
286 -1.7993464192066988
287 -2.1966759183665356
288 3.8949109647849482
289 -2.3878969365742364
290 -2.077825986591554
291 5.308030293663931
292 -2.1878915620067
293 -2.1984086788138315
294 -28.298837729017425
295 -31.320057312576452
296 -34.456483060449344
297 -54.510761524929194
298 -2.0988004926754162
299 -2.1930339627398996
300 3.769148446977243
301 -1.898045688729944
302 -2.0278648003284583
303 -0.8444040581919698
304 -18.494065756811636
305 -0.8667943357388648
306 -46.80128812643693
307 -1.923410351518937
308 -2.198109758916798
309 4.074659651519152
310 -2.2
311 -1.9669561591693978
312 4.782558673403317
313 -2.2
314 -2.0149505203700464
315 -29.458148477456366
316 -34.33551650120212
317 -1.4116405164682513
318 4.7260060149691725
319 -2.19854692728936
320 -2.1179324304765026
321 -14.199320258090928
322 -31.717979141729923
323 -2.725231699632932
324 -20.02488129775612
325 -17.854216033854915
326 -14.273829176115715
327 -1.4487080312346636
328 -54.43834961338146
329 15.961801479015628
330 -24.98368058030549
331 -52.385019237369185
332 -19.726871362600285
333 -1.30013098168961
334 -29.751794297621743
335 -22.830400781672907
336 8.047636997632344
337 -1.9517533318463103
338 -93.11040994075569
339 -27.303587282404536
340 -7.495268770197574
341 -84.336848806143
342 -1.0225898017484993
343 -24.88961041753667
344 -1.400949299711331
345 -21.013981640294283
346 -1.2453148083368453
347 -8.287789554470175
348 3.030427593816449
349 -1.2093600020755801
350 3.7097063263257297
351 -1.8231868113607075
352 -2.183239587757713
353 -20.143032274258182
354 -30.009265285910118
355 -1.1218043775138669
356 3.2349903466199885
357 -2.1912629569932847
358 -2.1948755364988624
359 -1.5667893424355497
360 3.3367535872304117
361 3.810711727071822
362 -2.1893004170640284
363 -2.252895246212894
364 5.182037293002038
365 2.532479405725863
366 -2.1910035476460923
367 -2.0988675097272496
368 3.811531450511208
369 -2.1897676008795877
370 -2.2435142161414467
371 -22.920082119195158
372 -1.32539835808858
373 3.308271228895787
374 -1.8765316682575701
375 -2.1629232424115847
376 31.305630919890206
377 -1.2167829463555189
378 -17.550252376296488
379 8.901995335316444
380 -16.502669553985108
381 -122.1288682368287
382 -124.06788349620439
383 -26.58101617566719
384 3.9986790065242355
385 -1.8688470745546788
386 -2.1972296976312813
387 11.651758726996862
388 -2.549458230553296
389 2.7651725357562915
390 -2.189684667712743
391 -2.195016421075969
392 -37.42252654974195
393 4.340648999174401
394 -1.240948899667046
395 3.748503166720737
396 -1.933545126031849
397 -2.1885986621858415
398 3.780417309602545
399 2.2696619423188125
400 -1.8967954382265018
401 -2.195130590141842
402 -24.272614176036214
403 -3.8836588905357505
404 0.6618977017747625
405 3.4409379389447254
406 -2.1993557399400863
407 -2.351900277918209
408 -4.300940357950773
409 -0.7338264088208758
410 1.8519349733198007
411 3.421234586133261
412 4.269206960880566
413 -1.8215272359515895
414 -2.1998237522952215
415 5.660426339756704
416 4.976518702097048
417 -1.7896736297796267
418 -2.1977300375540767
419 4.624668316315567
420 -2.1955933555762512
421 -2.1962324807437588
422 -15.729514857384117
423 -1.661130238488019
424 -37.23746118576509
425 -41.79535257683192
426 -1.32109699878794
427 -37.986601708220135
428 -1.2077591580146176
429 -75.31767375749872
430 -2.1937062211040934
431 -2.2217444271217124
432 2.28751261287562
433 -1.5802443635996213
434 -21.622901347484508
435 -82.47338449500312
436 -1.44504853751062
437 -21.54784255404394
438 7.239783466136796
439 6.967650294529816
440 -1.3897358532885402
441 -0.32441997170881876
442 8.898410312991103
443 -1.8451021795558589
444 -2.184069893468935
445 7.304032915354541
446 3.145317060681938
447 -2.2
448 -2.196216073850802
449 16.290964164713532
450 -1.809176348452952
451 -50.83702186686656
452 -0.605877706121922
453 3.3014337569072514
454 -2.1812926797765777
455 -2.719105602303141
456 11.350060528468008
457 -18.057375111660544
458 -1.6544770510077698
459 -17.955026337511676
460 23.083295905940368
461 -36.38131412375511
462 -1.2435176565990052
463 12.573327927277866
464 0.9452463662477251
465 1.9187581740487512
466 4.6328858934454455
467 -34.181606849207334
468 -14.464246284324627
469 1.646094758674047
470 14.218515975561374
471 -5.198678588358295
472 -20.473416625112083
473 -12.836162115625372
474 -1.5621793251623521
475 -123.743417864431
476 -1.5802582600595059
477 -31.90994166390428
478 6.031706544960223
479 -16.992262584457194
480 -34.191027882597055
481 -2.2147614976968057
482 -1.6449246379373748
483 0.2657798368817277
484 8.700739817125365
485 -1.110035702457622
486 -43.04792583124305
487 -1.021132411765167
488 -23.900550159956197
489 -27.469179847997452
490 -1.26838982683312
491 6.2897752584182465
492 -2.2
493 -2.19283307685657
494 5.1801494760699764
495 -2.418456250270074
496 -145.1122316090242
497 -1.3912273493157554
498 -4.138017695595111
499 -29.38174052184346
500 -49.745565491614876
501 -2.1957866954312335
502 -2.198908081125251
503 -1.409778970535554
504 -52.41295281176956
505 -1.739576118353816
506 -42.3665772865501
507 -1.5538098200499797
508 -47.79525655928775
509 4.141418969909313
510 -1.9024622213813662
511 -2.1848430329821418
512 7.164829371405672
513 -1.7904296548827145
514 -2.0682650199624484
515 -25.25486022057123
516 -25.242616995156652
517 -28.34946107562102
518 -1.091204170134397
519 -24.795080929302742
520 -40.307397052765886
521 -42.33801309203444
522 7.129096584307867
523 -0.8130177767113843
524 -76.16344367244285
525 -1.595860021976412
526 -46.11252047685362
527 2.745396265201566
528 -1.8409343952564168
529 -2.0146924438456377
530 -45.69414779877111
531 4.505031316466164
532 -140.17352568887384
533 -1.9885923273650539
534 -2.11557153854565
535 7.002539689487844
536 -58.431523448989445
537 -2.2750184917995173
538 -2.198996655243899
539 -14.714502666515784
540 -1.7975540795898874
541 -93.68606581142959
542 -1.5212740177839992
543 -45.694845831394964
544 -1.5954746629729586
545 -0.3260903225144929
546 9.351239402583918
547 -1.207373729809434
548 7.044491826475852
549 -1.132992501635558
550 -42.287784111109445
551 -167.88799126530074
552 10.109663777265492
553 -1.1780186186371084
554 -5.870871285346485
555 2.808321888465177
556 12.071794839691304
557 -13.566333955601888
558 -37.70648132625972
559 9.571803563451043
560 5.252013600723132
561 -53.19167964022325
562 -49.29122576820104
563 -23.718790719874335
564 11.556021803395012
565 -53.8730950295183
566 2.5622100910470453
567 9.045457215541628
568 -1.6848421177638153
569 -42.81996749760777
570 -12.614344302695116
571 -121.29469775370995
572 14.379978555900923
573 16.009935731920717
574 10.651736957364184
575 -177.19523579864983
576 -24.357252298206852
577 2.816625027574303
578 -2.1913773928508853
579 -51.72496233558335
580 -0.5136661743633938
581 -47.96994819152539
582 -1.4899680312848718
583 -3.028740077549756
584 -21.937580438338312
585 14.072457059252013
586 -0.6868134773876924
587 -38.85132260493726
588 38.8693276338667
589 -28.674683820117984
590 0.4603649032129453
591 -46.262056306511596
592 11.774378601187673
593 -28.2644282058493
594 -1.1344338582855096
595 -32.80930749776024
596 17.493334876162667
597 -4.661408453151804
598 -1.4282097282437503
599 5.505855365082973
600 -56.552486422956555
601 -34.298832820436225
602 -2.188121015818038
603 -2.1950262417784696
604 -179.39189608665555
605 -3.859089025511471
606 -2.028422236746601
607 -2.2
608 -39.94145675188957
609 -2.1918995754302766
610 -2.1972942415054364
611 -10.851156218678781
612 1.6739108405540235
613 -1.0010390215009486
614 1.1432126736785122
615 -59.064558267775105
616 -1.444265772204065
617 -94.74509291128064
618 3.4536116166788924
619 -2.1881971654526033
620 -2.196070428272142
621 -35.428711839713976
622 6.943816290539707
623 -0.8101668467161449
624 -165.71210320312738
625 -248.4063704311726
626 -30.34678353342476
627 -126.5045938767635
628 10.088334830294661
629 -26.006421945356944
630 -68.82340721440343
631 -2.484312036463706
632 8.494945377956531
633 -0.7279868257590634
634 3.7573758807118773
635 -9.006837662337624
636 -9.549978332467248
637 -116.74908907347901
638 -1.2317430256622417
639 -21.175710263077093
640 8.169166199961465
641 -51.158882358463146
642 -1.4356367759054498
643 -8.29814514902391
644 -0.47253197692049387
645 -41.410338647474305
646 -1.2249015293468049
647 -72.5455740204362
648 -0.31743330442216783
649 -163.532144844616
650 -1.6523918882812876
651 -131.47231495176345
652 -0.35885511629490574
653 3.2988250595057806
654 -1.8667648131841348
655 -2.188614741311225
656 -34.35286563312598
657 -43.341914711940525
658 3.7037185203301264
659 -2.19915606894562
660 4.113945869626952
661 -1.8364086666852608
662 -2.0347800443217894
663 -48.53941604249922
664 -25.449666321008806
665 7.0320525590627945
666 -2.2
667 -2.041254413737129
668 -58.932092860648055
669 4.642222768737241
670 -2.2
671 -28.80596744734133
672 -1.0520884717277006
673 -158.03565915210905
674 5.345580514986623
675 -2.191014098583518
676 -2.199014719348335
677 13.668846644312916
678 -1.4523046390943706
679 -23.897987021734668
680 5.024502120507132
681 -1.8804412718678087
682 -2.1993886503254436
683 16.18105622450023
684 -157.75676526481368
685 -17.987233013995088
686 -1.441722614993431
687 5.959377225381927
688 -1.3021559176401933
689 9.899187762117565
690 -11.350293644725662
691 -1.1178290509190967
692 -51.28129574519993
693 -1.7601706077297086
694 -91.70122821072994
695 -167.10508494623423
696 -127.4805177935039
697 -2.1120322310714372
698 -2.0535224486222243
699 13.505425688109922
700 -1.368082657418375
701 -56.804989193602346
702 5.300551384406073
703 -2.1924087857735866
704 -2.085402870725855
705 1.979075546849611
706 -2.195564149983343
707 -2.1994667208516883
708 3.811651752179782
709 -2.1950761151526663
710 -103.86933148829479
711 -1.9934488337255116
712 -2.113029306134557
713 -17.691431067596692
714 -21.365386097684638
715 -0.7654269837776863
716 7.020669849751804
717 -18.32352335323155
718 -1.1548377514314827
719 -84.76235520746954
720 8.031397916662915
721 -2.188672537036208
722 -2.083877267940498
723 -11.432716537351153
724 -2.326691310281079
725 3.8554270993292716
726 -2.1928271302633386
727 -20.23621756956424
728 -15.708208774876908
729 8.22925068302059
730 -42.116493834853216
731 -11.068711929356585
732 0.49765452291623236
733 -0.7417892224655042
734 5.094211952629796
735 4.986942851451646
736 -33.80057504005982
737 15.221627898479005
738 5.539682783906096
739 -0.8060179860107815
740 5.727628810505777
741 -6.532903482661885
742 5.562743446268965
743 -2.204564629997925
744 7.439211783295903
745 -100.56825468747115
746 -29.557894739651207
747 -0.9517715902315308
748 -1.7712741898560205
749 -44.90481257221254
750 -26.54732801642035
751 -20.12132468494347
752 -59.528195345298194
753 -1.4188680557731228
754 7.657277470819593
755 -0.8519565197760749
756 6.650253427704697
757 -0.7934060143567628
758 9.093754814968461
759 4.153164950999347
760 -2.407862749042143
761 4.365011102528413
762 -0.8974611350384782
763 8.118403298301173
764 -0.4445147905810197
765 -42.26208430036971
766 4.242731839738198
767 -20.18835482432937
768 -0.8831691193555593
769 8.340095906473508
770 -20.22566594381296
771 -0.21022408725045563
772 -6.094681382288127
773 -66.80107841481768
774 -69.11240310412163
775 8.626954835695306
776 4.354470558279631
777 -1.8801019986876135
778 -2.2
779 3.845047118381573
780 -0.5423511513016115
781 4.887946255832366
782 -165.579853402057
783 -18.14367677848202
784 -47.98798843130002
785 -155.1364496767542
786 -48.620646483950765
787 -1.2475376581163247
788 5.091577885043555
789 7.586440803310872
790 -0.7040656357696934
791 -23.590437126355184
792 -0.5866165337482006
793 3.482791701407808
794 -0.8635912954753867
795 -24.433366051809422
796 18.645437333701818
797 -78.64591233972969
798 -22.11056086884309
799 -0.2
800 -20.50855628328763
801 -0.6628953352605097
802 -43.68504655031507
803 8.387282526200323
804 -44.39675038560046
805 -1.0911863106499498
806 -52.95443462545611
807 -1.6274066548644885
808 -146.9477463811901
809 -8.0146291211806
810 -16.368710837116094
811 5.523373346654275
812 -1.9106570874534885
813 -2.187682180604465
814 -58.07986692826281
815 -1.2178404181165488
816 6.508757488428054
817 -0.6699815111313118
818 28.821417083796533
819 -2.200593525902098
820 -2.1819980829810546
821 -32.5211859443426
822 7.835191626520153
823 -137.6940880472461
824 -4.246954693980245
825 -12.499098530159962
826 2.778655783691883
827 -2.320919486696182
828 -2.415243595894893
829 -19.730009736672294
830 7.494088880861368
831 4.114808357875482
832 -2.195934438068121
833 -2.1887067338741737
834 2.38821131055888
835 -13.989222569699672
836 -14.123882465931699
837 -1.3431050236919453
838 -26.011546646945174
839 -51.678097020093944
840 5.357666321319835
841 -2.191748545541054
842 -2.2768971837996785
843 -34.177976958831174
844 -10.137080065936647
845 -1.190869818370747
846 1.5957772409596815
847 -2.5331847664992555
848 -9.259592317935176
849 4.237212516387614
850 -2.195773789013117
851 -2.3350407264181263
852 -35.12318127796135
853 -148.74528460500414
854 -54.33837117572693
855 -25.323258637317426
856 4.03910645653991
857 -1.8872066193011454
858 -2.0830926309625446
859 67.66609222176827
860 5.153659148425624
861 -0.8234188882381077
862 -99.8275485250994
863 -1.285728421310448
864 4.518197115806959
865 -1.8440377086684323
866 -2.1968427805681965
867 -7.8852747537399015
868 -14.214818223389422
869 5.800557186244989
870 -2.18869183149797
871 -2.3558839105310825
872 3.3085663753868304
873 -2.1955642019716364
874 -2.198336770141727
875 32.60526382149255
876 -0.8074144198773155
877 6.279818637210843
878 -1.9781430630440682
879 -2.1097656626458567
880 8.004272370474874
881 -2.1896482314080905
882 -2.0375030595391066
883 -16.867200895740677
884 -82.05181518029407
885 3.1842868042612924
886 -2.1886350382101334
887 -2.197701609444472
888 3.6837902694998763
889 -2.192132787386432
890 -2.198932220658501
891 -18.812560516137623
892 5.178367435223615
893 -1.8709197996797586
894 -2.1981477306498585
895 36.785886539072536
896 3.8258843868900136
897 -2.1951946816242978
898 -2.199391782364486
899 -42.390335996085426
900 -0.630837517795344
901 -18.912751088803684
902 5.627647388161881
903 -2.1920936103659634
904 -2.188419159151935
905 40.03449790051438
906 3.4414344238952745
907 -1.7549702457062812
908 -2.1988956979806673
909 -195.25787609268548
910 -8.859814408455868
911 5.9425359680826455
912 -2.1907302855534825
913 -2.190944691921743
914 -149.92304014132102
915 -190.95853328957972
916 -2.3937212292620105
917 -78.97785693563397
918 5.49718521739207
919 -2.1883325381763736
920 -2.1921781841421817
921 6.390339882024946
922 -1.8431239871983984
923 -2.198759395085333
924 3.5463634545141893
925 -2.189484457584254
926 -2.194264945843559
927 -44.89248701790444
928 -70.40143521759101
929 2.7687363898569974
930 -2.192222576506039
931 7.478925927151325
932 -1.8781423926599428
933 -2.1934518275730324
934 -4.612539643126089
935 -5.529023916376802
936 -0.5690278694190763
937 6.827105052658384
938 -2.190296158604414
939 -65.91384529655245
940 6.109417021696802
941 -0.7803834079059929
942 3.3549091063503793
943 -2.17372553609138
944 4.695799593867082
945 -2.1896812133207004
946 -2.1944667865053313
947 3.28502901861948
948 -2.1883283022112914
949 -2.196805561921751
950 -21.528728067508048
951 -59.626687722795424
952 -4.493835842046816
953 4.763151256799995
954 -2.188088774786766
955 -2.147430100995138
956 -20.236522982650403
957 -1.4097819618807819
958 5.240781994617334
959 -1.8189466421031302
960 -2.0261878935434368
961 3.783797165566463
962 -11.899850640076863
963 -60.99374034432956
964 -148.9336275972643
965 -98.04065430134467
966 2.020115124769321
967 -11.443364381375371
968 -2.762929851836711
969 4.515889224080976
970 -2.195218168643465
971 -2.43834613209335
972 -68.41653763797618
973 -2.7915760816611024
974 2.6215852013505145
975 -2.191414812023688
976 -1.9475166115816336
977 4.192585106236589
978 -2.0486371936517576
979 -2.1978128325452637
980 -19.02116648504941
981 -0.7770978695039772
982 -57.19443858869811
983 -35.016158471779974
984 -101.55020282944164
985 3.3003460469362746
986 -2.1919792234620954
987 4.451967584812479
988 -21.074584695776014
989 -1.0738792755157094
990 6.557241865609404
991 -2.190818915812256
992 -1.9749191360866707
993 6.942777164967986
994 -2.1950514578926454
995 -2.0618391011760258
996 7.234024995541487
997 -0.6273824460287069
998 6.588164436509594
999 -1.8440395982189703
1000 -2.194698289810143
1001 -61.4022610503532
1002 -1.8096130430636579
1003 6.303526433308952
1004 -1.7913726561272718
1005 -2.2
1006 4.021452583124263
1007 -13.855251716731724
1008 -0.2768541102341713
1009 -31.21326147993633
1010 35.46902406734774
1011 -55.90818670761587
1012 -2.3410864390617108
1013 -2.173896923125573
1014 -29.151960521321026
1015 -94.76919046469267
1016 -0.7289386222525708
1017 5.177427416637448
1018 -1.8659103121643412
1019 -2.1939297410638923
1020 5.012437428028964
1021 -1.8789695287525998
1022 -2.1969582541186434
1023 -29.45183833586821
1024 7.944995191974146
1025 -0.6743508537835573
1026 -60.1580745953375
1027 -1.8690523583134038
1028 -2.2
1029 3.6202824986438307
1030 -1.876966337495972
1031 -2.198561907177063
1032 11.9822633129328
1033 -50.15517994562359
1034 -0.9700664291342236
1035 4.7964760063180005
1036 -1.8621262706747161
1037 -2.193256104172588
1038 6.842685512726421
1039 -0.2653597770783996
1040 5.734573191889888
1041 2.8362504215130198
1042 -7.630059581831581
1043 5.236111997781581
1044 -2.190019221684761
1045 -2.1918639551675008
1046 -24.88460367292188
1047 1.2299282807672909
1048 -0.24413404702826141
1049 -189.33363427293463
1050 -1.4816151887241777
1051 4.213919211171634
1052 -2.2
1053 -2.1034307680781406
